Assessment Unit Code	Assessment Unit Name	Major Commodity	Cumulative Oil (MMBO)	Remaining Oil (MMBO)	Known Oil (MMBO)	Cumulative Gas (BCFG)	Remaining Gas (BCFG)	Known Gas (BCFG)	Cumulative NGL (MMBNGL)	Remaining NGL (MMBNGL)	Known NGL (MMBNGL)	Total Cumulative Petroleum (MMBOE)	Total Remaining Petroleum (MMBOE)	Total Known Petroleum (MMBOE)	Mean Undiscovered Oil (MMBO)	Mean Undiscovered Gas (BCFG)	Mean Undiscovered NGL (MMBNGL)	Total Mean Undiscovered Petroleum (MMBOE)	Oil Endowment (MMBO)	Gas Endowment (BCFG)	NGL Endowment (MMBNGL)	Total Petroleum Endowment (MMBOE)	"Discovery Maturity, Oil (%)"	"Discovery Maturity, Gas (%)"	"Discovery Maturity, NGL (%)"	"Discovery Maturity, Total Petroleum (%)"	Future Oil (MMBO)	Future Gas (BCFG)	Future NGL (MMBNGL)	Total Future Petroleum (MMBOE)
10080101	Northwest Izhma-Pechora Depression	NA	NA	NA	NA	NA	NA	NA	NA	NA	NA	NA	NA	NA	18	120	5	43	NA	NA	NA	NA	NA	NA	NA	NA	NA	NA	NA	NA
10080102	Main Basin Platform	Oil	2543	10442	12985	892	19623	20515	15	183	199	2707	13895	16603	4938	14515	650	8006	17922	35030	848	24609	72	59	23	67	15379	34138	833	21902
10080103	Foredeep Basins	Gas	803	-719	84	11482	4635	16117	347	170	517	3064	224	3288	214	19891	800	4329	299	36008	1317	7616	28	45	39	43	-504	24526	970	4553
10090101	Carboniferous-Lower Permian Clastics	Gas	110	1501	1611	35453	23645	59098	119	81	200	6137	5523	11660	251	14735	457	3163	1862	73833	656	14823	87	80	30	79	1752	38380	538	8686
10090102	Devonian Synrift	Oil	0	0	0	0	0	0	0	0	0	0	0	0	848	9317	405	2806	848	9317	405	2806	0	0	0	0	848	9317	405	2806
10090103	Continuous Basin-Centered Gas Accumulation	NA	0	0	0	0	0	0	0	0	0	0	0	0	NA	NA	NA	NA	NA	NA	NA	NA	NA	NA	NA	NA	NA	NA	NA	NA
10150101	Supra-Domanik Carbonates/Clastics	Oil	19973	14931	34904	4508	72570	77078	293	564	857	21018	27590	48607	1676	1141	47	1913	36580	78218	904	50520	95	99	95	96	16607	73710	611	29503
10150102	Lower Volga	Oil	1803	726	2529	6618	3314	9932	11	53	64	2917	1331	4248	148	558	21	262	2677	10490	84	4510	94	95	75	94	874	3873	73	1593
10150103	Sub-Domanik Devonian Clastics	Oil	20807	5632	26439	4720	4728	9448	0	175	175	21594	6595	28189	682	695	37	836	27121	10144	212	29024	97	93	82	97	6314	5423	212	7430
10150104	Self-Sourced Domanik	NA	0	0	0	0	0	0	0	0	0	0	0	0	NA	NA	NA	NA	NA	NA	NA	NA	NA	NA	NA	NA	NA	NA	NA	NA
10150201	Permian Reefs/Thrust Folds	Gas	106	-41	65	571	2067	2638	3	2	5	204	305	509	42	1547	93	392	106	4185	98	901	61	63	5	56	1	3615	95	698
10160101	North and West Margins Subsalt Pinnacle Reefs	NA	NA	NA	NA	NA	NA	NA	NA	NA	NA	NA	NA	NA	1522	30544	1737	8349	NA	NA	NA	NA	NA	NA	NA	NA	NA	NA	NA	NA
10160102	North and West Margins Subsalt Barrier Reefs	Oil	0	134	134	8	1262	1270	0	0	0	1	344	346	637	4271	107	1456	771	5540	107	1802	17	23	0	19	771	5533	107	1800
10160103	East and Southeast Margins Subsalt	Oil	131	1086	1217	0	5364	5364	0	265	265	131	2245	2376	2196	6781	385	3711	3414	12145	650	6088	36	44	41	39	3283	12145	650	5956
10160104	South Margin Subsalt	Oil	0	6245	6245	428	97672	98100	0	3400	3400	71	25924	25995	15467	67521	2802	29522	21712	165621	6202	55517	29	59	55	47	21712	165193	6202	55446
10160105	Basin Center Subsalt	NA	0	0	0	0	0	0	0	0	0	0	0	0	NA	NA	NA	NA	NA	NA	NA	NA	NA	NA	NA	NA	NA	NA	NA	NA
10160106	Suprasalt	Oil	690	1140	1830	131	1496	1628	0	15	15	712	1404	2116	3497	9934	382	5535	5327	11562	397	7651	34	14	4	28	4637	11430	396	6938
10500101	Kolguyev Terrace	Gas	0	51	51	0	3	3	0	0	0	0	52	52	563	17554	731	4219	614	17556	731	4271	8	0	0	1	614	17556	731	4271
10500102	South Barents and Ludlov Saddle	Gas	0	0	0	0	78140	78140	0	100	100	0	13123	13123	257	189244	3940	35738	257	267384	4040	48861	0	29	2	27	257	267384	4040	48861
10500103	North Barents	Gas	0	0	0	0	0	0	0	0	0	0	0	0	135	59820	1250	11355	135	59820	1250	11355	0	0	0	0	135	59820	1250	11355
11080101	Tertiary Foredeep	Oil	1268	-770	498	945	2999	3944	1	0	2	1427	-270	1157	280	3139	69	872	778	7083	71	2029	64	56	2	57	-490	6137	69	602
11080102	Foreland Slope	Gas	1	19	20	6556	8039	14595	66	-16	49	1159	1343	2502	48	6894	76	1272	68	21489	125	3774	30	68	40	66	67	14933	59	2615
11080103	Subsalt Jurassic	Gas	4	1	5	84	81	165	0	4	5	19	18	37	90	2219	71	530	95	2384	75	567	5	7	6	7	91	2300	75	549
11090101	Foldbelt-Foothills	Oil	752	2738	3490	192	7648	7840	8	22	29	792	4034	4826	2094	14512	596	5109	5584	22351	625	9934	62	35	5	49	4832	22159	617	9142
11090102	Terek-Sunzha Subsalt Jurassic	Gas	0	0	0	0	0	0	0	0	0	0	0	0	283	11464	688	2882	283	11464	688	2882	0	0	0	0	283	11464	688	2882
11090103	Foreland Slope and Foredeep	Oil	0	0	0	0	0	0	0	0	0	0	0	0	452	1804	64	816	452	1804	64	817	0	0	0	0	452	1804	64	817
11090201	South Mangyshlak (Entire)	Oil	2406	2835	5241	28	5679	5707	22	24	46	2433	3806	6239	651	2262	72	1100	5893	7969	118	7339	89	72	39	85	3486	7941	96	4906
11090301	Offshore Prikumsk Zone	Oil	0	0	0	0	0	0	0	0	0	0	0	0	789	3910	141	1582	789	3910	141	1582	0	0	0	0	789	3910	141	1582
11090302	Onshore Stavropol-Prikumsk	Oil	1200	-380	820	9670	3829	13499	18	-15	3	2830	243	3073	287	1163	40	521	1107	14662	44	3594	74	92	7	85	-93	4992	25	764
11090303	Central Caspian Offshore	Oil	0	0	0	0	0	0	0	0	0	0	0	0	331	4572	69	1161	331	4572	69	1161	0	0	0	0	331	4572	69	1161
11120101	Apsheron-Pribalkhan Zone	Oil	10581	4512	15093	7133	11596	18729	90	144	234	11860	6588	18448	3091	7908	306	4715	18183	26636	540	23163	83	70	43	80	7602	19503	451	11303
11120102	Lower Kura Depression and Adjacent Shelf	Oil	1035	1004	2040	1285	6939	8224	119	64	182	1368	2224	3592	1275	32091	1219	7843	3315	40315	1401	11435	62	20	13	31	2279	39030	1282	10067
11120103	Gograndag-Okarem Zone and Adjacent Shelf	Oil	64	242	306	173	8868	9042	13	74	87	106	1794	1900	4764	47515	2396	15079	5070	56557	2483	16978	6	16	4	11	5005	56383	2470	16873
11120104	Central Offshore	Oil	0	0	0	0	0	0	0	0	0	0	0	0	6410	82836	4051	24267	6410	82836	4051	24267	0	0	0	0	6410	82836	4051	24267
11120105	Iran Onshore/Nearshore	Oil	0	0	0	0	0	0	0	0	0	0	0	0	185	2960	142	821	185	2960	142	821	0	0	0	0	185	2960	142	821
11500101	Mesozoic Sandstone Reservoirs	Oil	459	1827	2286	0	943	943	0	0	0	459	1984	2443	814	89	2	831	3100	1033	2	3274	74	91	0	75	2641	1033	2	2815
11500201	Jurassic-Tertiary	Oil	0	80	80	0	1450	1450	0	8	8	0	330	330	139	2180	69	572	220	3630	77	902	37	40	11	37	220	3630	77	902
11500301	Upper Paleozoic Carbonates	NA	NA	NA	NA	NA	NA	NA	NA	NA	NA	NA	NA	NA	0	8500	374	1790	NA	NA	NA	NA	NA	NA	NA	NA	NA	NA	NA	NA
11540101	Northern and Western Areas	Gas	48	92	140	24483	27929	52412	81	30	112	4210	4777	8987	70	9547	161	1822	210	61959	273	10809	67	85	41	83	162	37476	191	6599
11540102	Karabil-Badkhyz (Southern Area)	Gas	0	110	111	11053	47057	58110	24	89	113	1867	8042	9909	88	7657	127	1491	198	65767	240	11399	56	88	47	87	198	54714	215	9532
11540103	Murgab Depression Suprasalt	Gas	1	-1	0	26549	22967	49516	2	101	103	4427	3929	8356	0	4684	33	813	0	54200	136	9169	NA	91	76	91	-1	27651	134	4742
11540104	Murgab Depression Subsalt	Gas	31	485	516	16456	54120	70576	84	764	848	2858	10268	13126	113	141762	3675	27414	628	212338	4522	40540	82	33	19	32	597	195883	4438	37683
11740101	Upper Jurassic-Cretaceous Sandstones	Oil	45819	72153	117972	29287	68295	97582	102	662	764	50802	84198	135000	42947	96934	5749	64852	160919	194516	6514	199852	73	50	12	68	115100	165229	6412	149050
11740102	Self-Sourced Bazhenov Fractured Reservoirs	NA	0	0	0	0	0	0	0	0	0	0	0	0	NA	NA	NA	NA	NA	NA	NA	NA	NA	NA	NA	NA	NA	NA	NA	NA
11740201	Pre-Upper Jurassic	Oil	645	11111	11756	443	4738	5180	0	3	3	719	11903	12623	7474	5516	316	8709	19230	10697	319	21332	61	48	1	59	18584	10254	319	20613
11740301	Northern West Siberian Onshore Gas	Gas	66	10119	10185	188736	896852	1085588	170	2156	2326	31692	161751	193442	1304	136608	3668	27741	11489	1222196	5995	221183	89	89	39	87	11424	1033460	5825	189492
11740302	South Kara Sea Offshore	Gas	0	0	0	0	81700	81700	0	48	48	0	13665	13665	3510	403875	10739	81561	3510	485575	10787	95226	0	17	0	14	3510	485575	10787	95226
12070101	Yenisey Foldbelt Riphean-Craton Margin Riphean	Oil	0	34	34	0	5052	5052	0	60	60	0	936	936	1213	16983	854	4897	1246	22035	914	5833	3	23	7	16	1246	22035	914	5833
12100101	Baikal-Patom Foldbelt Riphean-Craton Margin Vendian	Gas	1	2005	2006	0	30210	30210	0	360	360	1	7400	7401	1611	46039	2194	11478	3617	76249	2554	18879	55	40	14	39	3616	76249	2554	18878
13220101	Onshore and Offshore Northeastern Shelf	Oil	754	1428	2182	162	22221	22383	4	161	165	785	5292	6077	2582	57451	2999	15156	4764	79835	3164	21234	46	28	5	29	4010	79673	3160	20449
20040101	Ma'Rib-Al Jawf/Shabwah/Masila	Oil	649	1284	1933	0	17120	17120	31	281	312	680	4418	5098	2740	16982	924	6494	4673	34102	1236	11592	41	50	25	44	4025	34102	1204	10912
20140101	Ghaba-Makarem Combined Structural	Oil	715	1313	2028	149	20189	20339	0	507	507	740	5185	5925	743	10112	443	2871	2771	30450	950	8796	73	67	53	67	2056	30301	950	8056
20160101	Fahud-Huqf Combined Structural	Oil	1259	1426	2685	536	7097	7633	7	51	58	1355	2660	4015	1304	8206	287	2959	3990	15839	345	6974	67	48	17	58	2731	15303	338	5620
20160201	Natih-Fiqa Structural/Stratigraphic	Oil	1299	553	1852	616	2485	3100	0	100	100	1402	1067	2469	371	363	18	450	2224	3463	118	2919	83	90	85	85	925	2848	118	1517
20190101	Cretaceous Reservoirs in Northwest Desert Anticlines	Oil	2594	16386	18981	1114	15198	16312	0	30	30	2780	18949	21729	4702	2819	127	5299	23683	19131	157	27028	80	85	19	80	21088	18017	157	24248
20190102	Cretaceous Reservoirs in South Gulf Suprasalt Structural	Oil	10858	41236	52094	2705	65090	67795	26	617	643	11334	52702	64036	3764	4073	228	4670	55858	71868	871	68706	93	94	74	93	45000	69163	845	57372
20190103	Mesozoic/Tertiary Foredeep Fold and Thrust	Gas	92	64	156	2522	15470	17993	268	959	1228	781	3602	4382	513	15419	728	3811	669	33411	1956	8194	23	54	63	53	577	30889	1688	7413
20190201	Jurassic Reservoirs in Northwest Desert Anticlines	Oil	0	777	777	0	6500	6500	0	200	200	0	2060	2060	10633	46058	2399	20708	11410	52558	2599	22768	7	12	8	9	11410	52558	2599	22768
20190202	Jurassic Reservoirs in South Gulf Suprasalt/Qatar Arch Structural	Oil	5688	12548	18236	1951	69061	71012	0	392	392	6013	24450	30463	3845	12457	684	6606	22081	83469	1076	37068	83	85	36	82	16394	81518	1076	31056
20190301	Khuff Carbonates in Salt Structures	Gas	0	500	500	1018	450982	452000	14	13801	13815	183	89465	89648	0	22999	1012	4845	500	474999	14827	94493	100	95	93	95	500	473981	14813	94310
20190302	Paleozoic Reservoirs	NA	NA	NA	NA	NA	NA	NA	NA	NA	NA	NA	NA	NA	13235	323892	25135	92352	NA	NA	NA	NA	NA	NA	NA	NA	NA	NA	NA	NA
20210101	Central Arch Horst-Block Anticlinal Oil and Gas	Oil	84	6142	6226	0	12115	12115	0	343	343	84	8504	8588	19190	230387	17861	75448	25416	242502	18204	84036	24	5	2	10	25331	242502	18204	83952
20210102	North Gulf Salt Basin Structural Gas	Gas	0	150	150	0	67000	67000	0	0	0	0	11317	11317	0	152952	6727	32219	150	219952	6727	43535	100	30	0	26	150	219952	6727	43535
20210201	Horst-Block Anticlinal Oil	Oil	53906	101239	155145	19990	209625	229615	0	8400	8400	57237	144577	201814	26715	16055	642	30033	181860	245670	9042	231847	85	93	93	87	127954	225680	9042	174610
20210202	Salt-Involved Structural Oil	Oil	9948	33902	43850	4831	40849	45680	0	805	805	10753	41515	52268	14989	17991	719	18707	58839	63671	1524	70975	75	72	53	74	48891	58840	1524	60222
20230101	Horst/Graben-Related Oil and Gas	Oil	269	944	1213	47	1614	1661	0	25	25	277	1238	1515	2632	64510	5080	18464	3845	66172	5105	19979	32	3	0	8	3577	66124	5105	19702
20230201	Platform Horst/Graben-Related Oil	Oil	94	379	474	0	100	100	0	0	0	94	396	490	4682	8741	444	6583	5156	8841	444	7074	9	1	0	7	5062	8841	444	6979
20230202	Basinal Oil and Gas	Oil	0	0	0	0	0	0	0	0	0	0	0	0	1886	14201	670	4923	1886	14201	670	4923	0	0	0	0	1886	14201	670	4923
20300101	Cretaceous Reservoirs	Oil	53182	209735	262917	15185	218613	233798	12	1244	1256	55725	247415	303139	74911	104098	3157	95417	337828	337896	4413	398556	78	69	28	76	284646	322711	4401	342832
20300102	Tertiary Reservoirs	Oil	47285	62025	109310	10075	249365	259440	10	296	306	48974	103882	152856	19605	93499	4804	39992	128914	352939	5110	192848	85	74	6	79	81630	342864	5100	143874
20300201	Northern Qatar Arch Extension	Gas	0	0	0	0	131220	131220	0	925	925	0	22795	22795	0	69031	3039	14544	0	200251	3964	37339	NA	66	23	61	0	200251	3964	37339
20430101	Southeast Sirte Clastics	Oil	5274	15622	20895	1400	8187	9587	30	70	100	5537	17056	22593	2380	808	48	2563	23275	10395	148	25156	90	92	67	90	18002	8995	118	19619
20430102	Central Sirte Carbonates	Oil	8712	7465	16177	4079	24101	28180	0	29	29	9392	11510	20902	3840	9918	413	5906	20017	38098	441	26808	81	74	6	78	11305	34019	441	17416
20430103	Offshore Sirte Hypothetical	Oil	0	0	0	0	0	0	0	0	0	0	0	0	382	4199	183	1265	382	4199	183	1265	0	0	0	0	382	4199	183	1265
20430104	Southeast Sirte Hypothetical	Oil	0	0	0	0	0	0	0	0	0	0	0	0	253	60	4	266	253	60	4	266	0	0	0	0	253	60	4	266
20480101	Bou Dabbous-Tertiary Structural/Stratigraphic	Oil	481	1633	2114	37	15472	15509	0	44	44	488	4255	4743	667	2746	64	1189	2782	18256	108	5932	76	85	41	80	2300	18218	108	5444
20480201	Jurassic-Cretaceous Structural/Stratigraphic	Oil	39	64	103	6	1295	1301	0	22	23	40	303	343	403	2280	27	810	506	3581	49	1153	20	36	46	30	467	3575	49	1112
20540101	Tanezzuft-Oued Mya Structural/Stratigraphic	Oil	5872	4971	10843	68	8905	8973	0	0	0	5883	6455	12338	830	2341	110	1330	11673	11314	110	13668	93	79	0	90	5801	11246	110	7785
20540201	Tanezzuft-Melrhir Structural/Stratigraphic	Oil	0	6	6	0	125	125	0	9	9	0	36	36	1875	4887	269	2959	1881	5012	278	2995	0	2	3	1	1881	5012	278	2995
20540301	Tanezzuft-Ghadames Structural/Stratigraphic	Oil	1629	2909	4538	579	15905	16484	71	940	1011	1797	6499	8296	4461	12035	908	7376	8999	28519	1919	15672	50	58	53	53	7370	27940	1848	13875
20560101	Tanezzuft-Illizi Structural/Stratigraphic	Oil	2286	1384	3670	750	44311	45061	74	824	898	2485	9593	12078	2814	27785	873	8318	6484	72846	1771	20395	57	62	51	59	4198	72096	1697	17910
20580101	Tanezzuft-Timimoun Structural/Stratigraphic	Gas	0	0	0	0	4200	4200	0	0	0	0	700	700	31	1128	56	275	31	5328	56	975	0	79	0	72	31	5328	56	975
20580201	Tanezzuft-Ahnet Structural/Stratigraphic	Gas	0	1	1	0	3117	3117	0	90	90	0	610	610	34	2973	149	678	35	6090	239	1288	3	51	38	47	35	6090	239	1288
20580301	Tanezzuft-Sbaa Structural/Stratigraphic	Oil	0	284	284	0	1490	1490	0	10	10	0	542	542	162	645	11	281	446	2134	21	823	64	70	48	66	446	2134	21	823
20580401	Tanezzuft-Mouydir Structural/Stratigraphic	Gas	0	0	0	0	0	0	0	0	0	0	0	0	12	292	14	75	12	292	14	75	0	0	0	0	12	292	14	75
20580501	Tanezzuft-Benoud Structural/Stratigraphic	Gas	16	72	88	4980	100070	105050	846	4089	4935	1692	20839	22531	72	2541	125	621	160	107591	5060	23152	55	98	98	97	144	102611	4214	21460
20580601	Tanezzuft-Bechar/Abadla Structural/Stratigraphic	Gas	0	0	0	0	0	0	0	0	0	0	0	0	16	441	22	111	16	441	22	111	0	0	0	0	16	441	22	111
20710101	Gulf of Suez Block-Fault Fairway	Oil	6310	3444	9754	835	5125	5960	24	17	41	6473	4315	10788	2171	4172	171	3038	11925	10132	212	13826	82	59	19	78	5615	9296	188	7353
20710102	Gulf of Suez Qaa Plain	Oil	0	0	0	0	0	0	0	0	0	0	0	0	93	46	1	102	93	46	1	102	0	0	0	0	93	46	1	102
20710103	Southern Gulf of Suez	Oil	41	15	57	4	30	35	0	0	0	42	20	62	344	5974	312	1651	400	6008	312	1713	14	1	0	4	359	6004	312	1672
20710201	Red Sea Coastal Block Faults	Gas	22	133	155	10	3517	3527	0	256	256	24	975	999	2136	43946	2634	12094	2291	47473	2890	13093	7	7	9	8	2269	47463	2890	13069
20710202	Red Sea Salt Basin	Oil	0	0	0	0	0	0	0	0	0	0	0	0	443	5875	226	1649	443	5875	226	1649	0	0	0	0	443	5875	226	1649
31150101	Upper Paleozoic/Lower Mesozoic Nonmarine Coarse Clastics	Oil	937	5687	6624	491	1757	2248	0	0	0	1019	5980	6998	467	346	21	546	7091	2594	21	7544	93	87	0	93	6154	2104	21	6525
31150201	Jurassic/Tertiary Fluvial and Lacustrine Sandstone	Oil	16	193	210	10	332	342	0	0	0	18	249	267	96	950	43	297	306	1292	43	564	69	26	1	47	289	1281	43	546
31150301	Continuous-Type (Basin-Centered) Gas	NA	0	0	0	0	0	0	0	0	0	0	0	0	NA	NA	NA	NA	NA	NA	NA	NA	NA	NA	NA	NA	NA	NA	NA	NA
31270101	Tertiary Lacustrine	Oil	8944	10993	19937	2955	8898	11853	1	84	85	9438	12561	21998	2268	4639	223	3264	22205	16492	308	25262	90	72	28	87	13261	13537	307	15825
31270102	Pre-Tertiary Buried Hills	Oil	1471	3145	4616	32	3787	3819	0	2	2	1476	3778	5255	2144	3875	194	2984	6760	7693	197	8239	68	50	1	64	5289	7662	196	6762
31270201	Coal-Sourced Gas	NA	0	0	0	0	0	0	0	0	0	0	0	0	NA	NA	NA	NA	NA	NA	NA	NA	NA	NA	NA	NA	NA	NA	NA	NA
31280101	Jurassic/Triassic Fluvial and Lacustrine Sandstone	Oil	81	602	683	13	7	20	0	0	0	83	603	686	138	20	1	143	821	40	1	829	83	50	0	83	740	27	1	746
31280201	Basin Centered Gas (Continuous) in Ordovician Carbonate and Permian Sandstone	NA	0	0	0	0	5590	5590	0	0	0	0	932	932	NA	NA	NA	NA	NA	NA	NA	NA	NA	NA	NA	NA	NA	NA	NA	NA
31280202	Carboniferous and Permian Coalbed Methane (Continuous)	NA	0	0	0	0	0	0	0	0	0	0	0	0	NA	NA	NA	NA	NA	NA	NA	NA	NA	NA	NA	NA	NA	NA	NA	NA
31420101	Southeastern Fold Belt	Gas	0	0	0	5368	5313	10681	0	0	0	895	886	1781	0	4488	197	945	0	15169	198	2726	100	70	0	65	0	9801	197	1831
31420102	Northwestern Depression/Foldbelt	Gas	0	0	0	302	38	340	0	0	0	50	6	57	0	1650	73	348	0	1990	73	404	NA	17	0	14	0	1687	73	354
31420103	Continuous Gas in Central Uplift/Northwestern Depression	NA	0	0	0	38	13	51	0	0	0	6	2	9	NA	NA	NA	NA	NA	NA	NA	NA	NA	NA	NA	NA	NA	NA	NA	NA
31420201	Jurassic Lacustrine	Oil	38	71	109	50	90	140	0	0	0	46	86	132	27	137	8	59	136	278	8	191	80	51	0	69	99	227	8	145
31420301	Continuous Gas in Northwestern Depression/Central Uplift	NA	NA	NA	NA	NA	NA	NA	NA	NA	NA	NA	NA	NA	NA	NA	NA	NA	NA	NA	NA	NA	NA	NA	NA	NA	NA	NA	NA	NA
31420401	Leshan-Longnusi Paleohigh	Gas	9	-8	1	491	859	1350	0	0	0	91	135	226	0	2763	122	582	1	4113	122	808	100	33	0	28	-8	3622	122	717
31420402	Lower Paleozoic of Southeastern Fold Belt	Gas	0	0	0	0	0	0	0	0	0	0	0	0	0	1273	56	268	0	1273	56	268	NA	0	0	0	0	1273	56	268
31440101	Subtle Traps	Oil	171	979	1150	3	909	913	0	0	0	171	1131	1302	735	1789	83	1116	1885	2701	83	2418	61	34	0	54	1714	2698	83	2247
31440102	Anticlinal	Oil	12228	2192	14420	0	685	685	0	0	0	12228	2306	14534	291	705	33	441	14711	1390	33	14975	98	49	0	97	2483	1390	33	2748
31440201	Structural Traps	Gas	0	5	5	0	145	145	0	0	0	0	29	29	0	3212	96	632	5	3357	96	661	100	4	0	4	5	3357	96	661
31540101	Tarim Basin Excluding Marginal Foldbelts	Oil	21	634	655	14	5140	5154	0	149	149	24	1640	1664	5364	41454	2478	14751	6019	46608	2627	16414	11	11	6	10	5998	46594	2627	16390
31540102	Kuche (Northern) Foldbelt	Gas	7	0	7	2	65	66	0	2	2	7	13	20	89	10712	475	2349	96	10778	477	2370	8	1	0	1	89	10777	477	2362
31540103	Southwest Foldbelt	Oil	17	24	41	192	368	560	0	38	38	49	123	172	495	7773	359	2150	536	8333	397	2322	8	7	10	7	519	8141	397	2273
37010101	Brunei-Sabah Deltaics	Oil	3872	2780	6652	9168	24587	33755	8	172	180	5407	7050	12457	2137	15977	799	5599	8789	49732	979	18056	76	68	18	69	4917	40564	971	12649
37010102	Brunei-Sabah Turbidites	Oil	81	165	246	20	2425	2445	0	0	0	84	569	654	1252	7249	375	2835	1498	9694	375	3489	16	25	0	19	1417	9674	375	3404
37020101	Central Luconia	Gas	0	170	170	3731	31304	35035	56	310	366	678	5697	6375	0	15067	256	2767	170	50102	622	9142	100	70	59	70	170	46370	566	8464
37020102	Balingian	Oil	168	460	628	0	2084	2084	0	13	13	168	820	988	529	2217	116	1015	1157	4301	129	2003	54	48	10	49	989	4301	129	1835
37020201	East Natuna	Gas	0	20	20	0	45045	45045	0	0	0	0	7528	7528	102	1963	90	519	122	47008	90	8046	16	96	0	94	122	47008	90	8046
37030101	South Malay Lacustrine	Oil	1459	1557	3017	454	23619	24073	9	121	131	1544	5615	7159	1003	21935	410	5069	4019	46008	541	12228	75	52	24	59	2560	45554	531	10684
37030102	North Malay Lacustrine	Oil	0	0	0	0	175	175	0	6	6	0	35	35	124	1762	32	449	124	1937	37	484	0	9	15	7	124	1937	37	484
37030201	South Malay Coaly	Gas	58	533	592	38	23863	23901	0	186	186	65	4696	4761	101	3768	72	802	693	27669	258	5563	85	86	72	86	634	27631	258	5498
38080101	Pematang/Sihapas Siliciclastics	Oil	8349	4868	13217	910	2956	3866	0	11	11	8500	5372	13872	899	4078	84	1663	14117	7944	94	15535	94	49	11	89	5768	7034	94	7034
38170101	Kutei Basin Deltaics	Oil	2195	684	2879	8711	35762	44473	44	1210	1253	3691	7854	11545	1258	35757	1017	8234	4137	80230	2270	19779	70	55	55	58	1942	71519	2226	16088
38170102	Kutei Basin Turbidites	Oil	0	0	0	0	0	0	0	0	0	0	0	0	3569	25687	991	8842	3569	25687	991	8842	0	0	0	0	3569	25687	991	8842
38170103	Kutei Basin Fold and Thrust Belt	NA	NA	NA	NA	NA	NA	NA	NA	NA	NA	NA	NA	NA	318	3313	114	984	NA	NA	NA	NA	NA	NA	NA	NA	NA	NA	NA	NA
38220101	North Sumatra	Gas	496	178	674	13977	11582	25559	583	343	926	3409	2451	5860	112	9117	107	1738	786	34677	1033	7599	86	74	90	77	289	20699	450	4190
38220102	Mergui	Gas	0	0	0	0	0	0	0	0	0	0	0	0	101	6005	73	1176	101	6005	73	1176	0	0	0	0	101	6005	73	1176
38240101	Sunda/Asri	Oil	828	431	1259	233	381	614	0	0	0	867	495	1362	462	874	19	626	1722	1488	19	1988	73	41	0	68	894	1255	19	1121
38240201	Ardjuna	Oil	727	1181	1908	794	6529	7322	45	130	175	904	2399	3303	195	6579	89	1381	2104	13901	264	4684	91	53	66	71	1377	13108	219	3780
38240301	Biogenic Gas	NA	0	0	0	0	119	119	0	0	0	0	20	20	NA	NA	NA	NA	NA	NA	NA	NA	NA	NA	NA	NA	NA	NA	NA	NA
38240401	Billiton Basin Hypothetical	NA	0	0	0	0	0	0	0	0	0	0	0	0	NA	NA	NA	NA	NA	NA	NA	NA	NA	NA	NA	NA	NA	NA	NA	NA
38280101	South Sumatra	Oil	1842	587	2429	3125	7080	10204	4	53	56	2367	1819	4186	469	18250	239	3750	2898	28455	296	7936	84	36	19	53	1055	25330	292	5569
39100101	Barnett	Oil	0	15	15	0	48	48	0	0	0	0	23	23	140	1151	56	387	155	1199	56	410	10	4	0	6	155	1199	56	410
39100201	Petrel	Gas	0	0	0	0	5730	5730	0	50	50	0	1005	1005	0	8328	367	1755	0	14058	417	2760	NA	41	12	36	0	14058	417	2760
39100202	Vulcan Graben	Gas	0	0	0	0	0	0	0	0	0	0	0	0	0	2668	117	562	0	2668	117	562	NA	0	0	0	0	2668	117	562
39100301	Malita	Oil	123	378	502	0	7526	7526	0	385	385	123	2018	2141	1146	11346	540	3577	1648	18872	926	5719	30	40	42	37	1524	18872	926	5595
39130101	Late Jurassic/Early Cretaceous-Mesozoic	Gas	19	27	46	0	17960	17960	0	200	200	19	3221	3239	1055	20093	934	5339	1101	38053	1134	8578	4	47	18	38	1083	38053	1134	8559
39300101	Gippsland	Oil	3077	784	3860	3501	6274	9775	155	546	701	3815	2375	6190	310	5658	339	1592	4170	15433	1040	7782	93	63	67	80	1093	11932	885	3967
39480101	Dingo-Mungaroo/Barrow	Gas	489	660	1149	1845	46400	48245	117	875	991	913	9268	10181	2249	56380	3314	14960	3398	104626	4305	25141	34	46	23	40	2909	102780	4189	24228
39480201	Locker-Mungaroo/Barrow	Gas	0	6	6	27	8075	8102	0	0	0	4	1351	1356	132	8331	368	1888	137	16432	368	3244	4	49	0	42	137	16406	368	3239
40170101	Halten Terrace-Trondelag Platform	Oil	76	2585	2660	0	15662	15662	0	702	702	76	5897	5973	6204	57369	4202	19968	8864	73031	4904	25940	30	21	14	23	8788	73031	4904	25864
40170102	Mid-Norway Continental Margin	Gas	0	0	0	0	0	0	0	0	0	0	0	0	334	107832	4788	23095	334	107832	4788	23095	0	0	0	0	334	107832	4788	23095
40250101	Viking Graben	Oil	13038	13643	26681	18474	94268	112742	336	3264	3600	16453	32619	49072	7412	22192	1036	12147	34093	134933	4636	61218	78	84	78	80	21055	116460	4300	44765
40250102	Moray Firth	Oil	2248	2196	4444	629	5223	5852	0	322	322	2353	3388	5741	947	1752	95	1334	5391	7604	417	7075	82	77	77	81	3143	6975	417	4722
40250103	Central Graben	Oil	7181	5588	12769	11950	28370	40320	174	1875	2049	9347	12192	21538	4740	13801	728	7767	17509	54122	2777	29306	73	74	74	73	10328	42172	2603	19959
40360101	Southern Permian Basin-U.K. Onshore	Oil	39	25	64	18	81	99	0	0	0	42	38	80	7	31	1	14	71	130	1	94	90	76	0	85	32	112	1	52
40360102	Southern Permian Basin-Europe Onshore	Gas	2029	372	2400	81742	66484	148227	7	24	31	15659	11476	27136	74	12730	27	2223	2474	160957	58	29358	97	92	54	92	446	79214	51	13699
40360103	Southern Permian Basin-Offshore	Gas	232	176	408	42288	31546	73834	47	94	141	7327	5527	12855	62	13029	41	2274	470	86862	182	15129	87	85	78	85	238	44575	135	7801
40470101	Foreland Basin	Gas	1	1	1	5455	5205	10660	1	2	3	911	870	1782	0	2321	19	405	1	12980	22	2187	100	82	16	81	1	7525	21	1276
40470201	Deformed Belt	Oil	640	283	923	3360	2033	5393	2	3	6	1202	626	1828	344	2345	75	810	1267	7738	80	2637	73	70	7	69	627	4378	78	1435
40470301	Paleozoic Reservoirs	Oil	0	1	1	0	233	233	0	0	0	0	39	39	47	383	19	129	47	616	19	169	1	38	0	23	47	616	19	169
40480101	Greater Hungarian Plain Basins	Oil	731	358	1089	5436	4221	9657	4	20	24	1640	1082	2722	196	2395	74	669	1285	12052	97	3392	85	80	24	80	555	6616	94	1751
40480201	Zala-Drava-Sava Basins	Oil	836	265	1101	1082	2847	3929	31	31	63	1048	771	1818	114	1151	36	342	1215	5080	98	2160	91	77	64	84	379	3998	67	1112
40480301	Danube Basin	Gas	0	0	0	7	240	247	0	0	0	1	40	41	0	146	3	27	0	393	3	68	NA	63	0	60	0	386	3	67
40480401	Transcarpathian Basin	Gas	0	0	0	0	261	261	0	0	0	0	43	43	0	112	2	21	0	373	2	64	NA	70	0	67	0	373	2	64
40480501	Central Carpathian Paleogene Basin	NA	NA	NA	NA	NA	NA	NA	NA	NA	NA	NA	NA	NA	NA	NA	NA	NA	NA	NA	NA	NA	NA	NA	NA	NA	NA	NA	NA	NA
40480601	Hungarian Paleogene Basin	Oil	10	1	11	15	1	16	0	0	0	12	1	14	49	339	13	118	60	355	13	132	18	4	0	10	50	340	13	120
40570101	Transylvanian Neogene Suprasalt Gas	Gas	0	0	0	21194	9537	30731	0	0	0	3532	1589	5122	0	2083	6	354	0	32814	6	5475	NA	94	0	94	0	11620	6	1943
40570102	Transylvanian Subsalt	NA	0	0	0	0	0	0	0	0	0	0	0	0	NA	NA	NA	NA	NA	NA	NA	NA	NA	NA	NA	NA	NA	NA	NA	NA
40600101	Neogene Flysch Gas	Gas	13	0	14	9373	9102	18475	0	5	5	1576	1522	3098	0	16267	34	2745	14	34741	40	5843	100	53	13	53	0	25369	39	4268
40600201	Thermal Triassic	Oil	78	254	332	154	257	412	27	1	27	130	297	428	360	1698	87	731	692	2109	114	1158	48	20	24	37	614	1955	88	1028
40610101	Moesian Platform	Oil	1251	542	1793	1546	671	2217	15	51	66	1523	705	2228	171	561	20	285	1963	2778	86	2513	91	80	76	89	713	1232	71	990
40610201	Romania Flysch Zone	Oil	1039	909	1948	530	2692	3222	6	5	11	1133	1363	2496	564	2177	81	1008	2512	5399	92	3505	78	60	12	71	1473	4869	87	2371
40610202	Romania Ploiesti Zone	Oil	1793	374	2167	1050	776	1826	0	0	0	1968	503	2471	278	441	14	366	2445	2267	14	2837	89	81	0	87	652	1217	14	869
40680101	Subsalt	Gas	0	0	0	0	0	0	0	0	0	0	0	0	388	51210	2265	11188	388	51210	2265	11188	0	0	0	0	388	51210	2265	11188
52000101	Northeast Greenland Shelf Rift Systems	Oil	0	0	0	0	0	0	0	0	0	0	0	0	47148	80709	4170	64769	47148	80709	4170	64769	0	0	0	0	47148	80709	4170	64769
52150101	Jeanne d'Arc	Oil	0	1582	1582	0	2406	2406	0	81	81	0	2063	2063	1796	8893	514	3792	3378	11298	595	5855	47	21	14	35	3378	11298	595	5855
52150201	Graben Systems Exclusive of Jeanne d'Arc	NA	0	0	0	0	4224	4224	0	107	107	0	811	811	NA	NA	NA	NA	NA	NA	NA	NA	NA	NA	NA	NA	NA	NA	NA	NA
52430101	Keg River Gas	Gas	0	0	0	4019	1793	5812	0	0	0	670	299	969	0	868	17	162	0	6680	17	1131	NA	87	0	86	0	2661	17	461
52430102	Keg River Oil and Gas	Oil	835	176	1011	570	691	1261	37	63	100	967	354	1321	84	907	21	256	1095	2169	121	1577	92	58	82	84	260	1599	84	611
52430201	Leduc Gas	Gas	39	2	42	4964	4257	9221	175	159	334	1042	871	1912	0	2442	93	500	42	11663	426	2412	100	79	78	79	2	6699	252	1370
52430202	Leduc Oil and Gas	Oil	8113	1304	9417	4086	1050	5136	467	225	692	9261	1703	10965	501	782	41	672	9918	5918	732	11637	95	87	94	94	1805	1832	265	2376
52430301	Exshaw-Rundle Gas	Gas	170	20	191	10268	5145	15413	317	79	396	2199	957	3156	0	2197	44	410	191	17610	440	3566	100	88	90	88	20	7342	123	1367
52430302	Exshaw-Rundle Oil and Gas	Oil	1122	415	1537	4583	1572	6155	309	130	439	2195	808	3002	126	466	16	219	1663	6621	455	3222	92	93	97	93	541	2038	146	1027
52430401	Combined Triassic/Jurassic Gas	Gas	47	7	54	1465	2500	3965	24	23	47	316	447	762	0	1289	28	243	54	5254	76	1005	100	75	63	76	7	3789	51	690
52430402	Combined Triassic/Jurassic Oil and Gas	Oil	965	277	1242	3119	3497	6615	152	150	302	1637	1010	2647	96	877	28	270	1338	7493	330	2917	93	88	92	91	373	4374	178	1280
52430501	Mannville Gas	Gas	0	0	0	14229	10225	24453	138	127	265	2509	1831	4340	0	4597	92	858	0	29050	357	5198	NA	84	74	83	0	14821	219	2689
52430502	Mannville Continuous (Basin-Center) Gas	NA	0	0	0	2942	3335	6278	79	103	182	570	659	1228	NA	NA	NA	NA	NA	NA	NA	NA	NA	NA	NA	NA	NA	NA	NA	NA
52430601	Second White Specks-Cardium Gas	Gas	0	0	0	974	1097	2071	22	30	53	184	213	398	0	285	9	56	0	2356	61	454	NA	88	86	88	0	1382	39	269
52430602	Second White Specks-Cardium Oil and Gas	Oil	1929	494	2423	3298	2151	5449	163	131	294	2642	983	3625	36	840	26	201	2459	6289	320	3827	99	87	92	95	529	2991	157	1185
52430603	Upper Cretaceous Eastern Shallow Gas	NA	216	49	265	11738	7191	18929	15	4	19	2187	1251	3439	NA	NA	NA	NA	NA	NA	NA	NA	NA	NA	NA	NA	NA	NA	NA	NA
52440101	Yeoman Oil	Oil	1	0	1	0	0	0	0	0	0	1	0	1	5	4	0	6	6	4	0	7	15	3	0	13	6	4	0	7
52440201	Brightholme Oil	Oil	11	4	14	8	3	11	0	0	0	12	4	16	8	5	0	9	22	16	0	25	66	67	0	65	11	8	0	13
52440301	Bakken Sandstone	Oil	5	2	7	0	0	0	0	0	0	5	2	7	11	3	0	12	18	4	0	19	40	9	0	38	13	3	0	14
52440401	Lodgepole Oil	Oil	2239	539	2778	728	166	893	32	4	37	2393	571	2964	111	63	4	126	2889	956	41	3089	96	93	90	96	650	228	8	696
53050101	El Abra-Like Reef and Backreef Limestone	Oil	2546	-483	2063	209	1206	1415	1	4	5	2582	-279	2303	289	507	28	402	2352	1922	33	2705	88	74	14	85	-195	1713	32	123
53050102	Tamabra-Like Debris-Flow-Breccia Limestone Overlying Evaporites	Oil	14366	18699	33065	13276	22402	35678	50	22	72	16629	22454	39083	9857	20450	1214	14480	42922	56127	1286	53563	77	64	6	73	28556	42851	1236	36934
53050103	Tamabra-Like Debris-Flow-Breccia Limestone and Overlying Strata	Oil	26	54	80	335	195	530	0	1	1	82	87	169	807	6147	299	2129	886	6677	299	2299	9	8	0	7	860	6342	299	2217
53050104	Tamabra-Like Debris-Flow-Breccia Limestone of the Golden Lane	Oil	1917	1392	3308	1862	1961	3824	0	0	0	2227	1719	3946	557	1113	67	809	3865	4937	67	4755	86	77	0	83	1948	3074	67	2528
53050105	Tamaulipas-Like Basinal Limestone and Tertiary Strata Without Underlying Evaporites	Oil	1354	273	1627	293	1443	1736	0	0	0	1403	513	1916	366	804	48	548	1993	2540	48	2464	82	68	0	78	638	2247	48	1061
53050106	Tamaulipas-Like Basinal Limestone and Tertiary Strata Overlying Evaporites	Oil	1929	2339	4268	1633	6007	7640	0	18	18	2201	3358	5560	7823	18516	990	11900	12092	26155	1008	17460	35	29	2	32	10163	24522	1008	15258
53050107	Tamabra-Like Debris-Flow-Breccia Limestone North of Campeche	Oil	0	0	0	0	0	0	0	0	0	0	0	0	871	1735	104	1264	871	1735	104	1264	0	0	0	0	871	1735	104	1264
60210101	Late Cretaceous-Tertiary Turbidites	Oil	0	0	0	0	0	0	0	0	0	0	0	0	12745	34625	1933	20449	12745	34625	1933	20449	0	0	0	0	12745	34625	1933	20449
60210102	Cretaceous Carbonates	Oil	0	0	0	0	0	0	0	0	0	0	0	0	2200	6595	360	3660	2200	6595	360	3660	0	0	0	0	2200	6595	360	3660
60210103	Late Cretaceous-Tertiary Nearshore Sandstones	Oil	17	46	63	0	0	0	0	0	0	17	46	63	301	839	36	477	364	839	36	540	17	0	0	12	347	839	36	523
60220101	Amazon Delta and Submarine Fan	NA	NA	NA	NA	NA	NA	NA	NA	NA	NA	NA	NA	NA	0	29840	298	5272	NA	NA	NA	NA	NA	NA	NA	NA	NA	NA	NA	NA
60220102	Offshore Gas Hydrates	NA	0	0	0	0	0	0	0	0	0	0	0	0	NA	NA	NA	NA	NA	NA	NA	NA	NA	NA	NA	NA	NA	NA	NA	NA
60290101	Western Pre-Aptian Reservoirs	Oil	413	157	570	282	890	1171	1	1	2	461	306	767	31	168	5	63	601	1339	7	830	95	87	30	92	187	1057	5	369
60290102	Late Cretaceous-Tertiary Deep-Water Sandstones	Oil	55	67	122	66	169	236	0	1	1	66	96	162	1457	8166	411	3228	1579	8402	411	3391	8	3	0	5	1523	8336	411	3324
60340101	Espirito Santo Shelf	Oil	93	37	130	42	130	172	0	0	0	100	59	159	54	65	1	66	184	237	1	225	71	73	7	71	91	195	1	125
60340102	Late Cretaceous-Tertiary Slide Blocks and Turbidites	NA	NA	NA	NA	NA	NA	NA	NA	NA	NA	NA	NA	NA	2437	25677	1215	7932	NA	NA	NA	NA	NA	NA	NA	NA	NA	NA	NA	NA
60340103	Abrolhos Sub-Volcanic Structures	Oil	0	0	0	0	0	0	0	0	0	0	0	0	468	8545	396	2288	468	8545	396	2288	0	0	0	0	468	8545	396	2288
60350101	Late Cretaceous-Tertiary Turbidites	Oil	1508	8122	9630	224	5538	5761	0	10	10	1545	9055	10600	10869	13917	393	13582	20499	19679	403	24182	47	29	2	44	18991	19455	403	22637
60350102	Cretaceous Carbonates	Oil	261	166	426	79	403	482	0	0	0	274	233	507	932	1743	46	1268	1358	2225	46	1775	31	22	0	29	1097	2146	46	1500
60350103	Salt Dome Province Tertiary Sandstones	Oil	0	0	0	0	0	0	0	0	0	0	0	0	4493	4031	114	5278	4493	4031	114	5278	0	0	0	0	4493	4031	114	5278
60360101	Santos Shelf	Oil	6	279	285	12	1113	1125	4	40	44	12	505	517	13723	62874	3205	27407	14008	63999	3249	27924	2	2	1	2	14002	63987	3246	27912
60360102	Salt-Structured Deep-Water Sandstones	Oil	0	0	0	0	0	0	0	0	0	0	0	0	9486	17673	989	13420	9486	17673	989	13420	0	0	0	0	9486	17673	989	13420
60370101	Pelotas Platform and Basin	Oil	0	0	0	0	0	0	0	0	0	0	0	0	2938	22806	1107	7846	2938	22806	1107	7846	0	0	0	0	2938	22806	1107	7846
60370102	Offshore Gas Hydrates	NA	0	0	0	0	0	0	0	0	0	0	0	0	NA	NA	NA	NA	NA	NA	NA	NA	NA	NA	NA	NA	NA	NA	NA	NA
60410101	Hollin-Napo	Oil	2889	3712	6601	661	955	1616	0	0	0	2999	3871	6871	3023	755	15	3164	9625	2372	15	10035	69	68	0	68	6735	1711	15	7036
60410201	Ene	Oil	0	0	0	0	0	0	0	0	0	0	0	0	74	841	40	254	74	841	40	254	0	0	0	0	74	841	40	254
60450101	Sub-Andean Fold and Thrust Belt	Gas	257	62	318	6813	10004	16818	239	304	543	1631	2033	3664	181	20521	791	4392	499	37339	1333	8056	64	45	41	45	242	30525	1095	6425
60450102	Foreland Basins	Oil	0	2	2	115	53	168	4	1	5	24	11	35	1254	7375	348	2831	1256	7543	353	2866	0	2	1	1	1256	7429	348	2842
60450103	Foreland Central Chaco High	Oil	0	0	0	0	0	0	0	0	0	0	0	0	711	3211	161	1407	711	3211	161	1407	0	0	0	0	711	3211	161	1407
60550101	Neuquen Extensional Structures	Oil	1111	605	1716	5293	11407	16699	73	254	327	2066	2760	4826	862	7724	129	2278	2578	24424	456	7104	67	68	72	68	1467	19131	382	5038
60550102	Neuquen Foothills Structure	Oil	159	138	297	159	539	697	0	2	2	186	230	416	334	3764	61	1023	631	4462	64	1438	47	16	4	29	472	4303	64	1253
60550103	Dorsal de Neuquen Structure	Oil	262	95	357	2184	1122	3307	5	4	9	631	286	917	93	927	13	261	450	4234	22	1178	79	78	42	78	189	2049	17	547
60580101	San Jorge Extensional Structures	Oil	2330	776	3106	1435	1534	2968	0	0	0	2570	1032	3601	347	3038	61	914	3453	6006	61	4516	90	49	1	80	1123	4572	61	1946
60580102	San Bernardo Fold Belt Structures	Oil	115	124	240	232	365	597	0	1	1	154	187	340	151	735	15	288	390	1332	16	629	61	45	9	54	275	1100	16	475
60580201	Hypothetical Basin-Centered Gas	NA	0	0	0	0	0	0	0	0	0	0	0	0	NA	NA	NA	NA	NA	NA	NA	NA	NA	NA	NA	NA	NA	NA	NA	NA
60590101	Magallanes Extensional Structures	Gas	595	620	1216	10042	14697	24739	88	123	211	2357	3193	5550	494	10386	226	2451	1709	35124	437	8001	71	70	48	69	1114	25082	349	5644
60590102	Andean Fold Belt Structures	Oil	0	0	0	11	57	69	0	0	0	2	10	12	210	3655	84	903	211	3723	84	915	0	2	0	1	211	3712	84	913
60600101	North Falklands Basin	Oil	0	0	0	0	0	0	0	0	0	0	0	0	3603	8871	178	5259	3603	8871	178	5259	0	0	0	0	3603	8871	178	5259
60600201	South Falklands Basin	Oil	0	0	0	0	0	0	0	0	0	0	0	0	2229	7710	193	3707	2229	7710	193	3707	0	0	0	0	2229	7710	193	3707
60630101	Malvinas Extensional Structures	Oil	0	10	10	0	75	75	0	2	2	0	25	25	1031	11327	362	3280	1041	11402	364	3305	1	1	1	1	1041	11402	364	3305
60810101	Cretaceous-Paleogene Basin	Oil	1346	326	1672	1951	941	2892	44	-44	0	1715	439	2154	1711	4795	255	2765	3383	7687	255	4919	49	38	0	44	2038	5736	211	3204
60830101	Neogene Pull-Apart Basin	Oil	4	0	4	0	340	340	0	0	0	4	57	61	37	471	21	137	41	811	21	198	11	42	0	31	37	811	21	194
60830201	Cretaceous-Paleogene Santa Elena Block	Oil	118	53	171	148	10	158	0	0	0	143	54	197	200	224	12	249	370	382	12	446	46	41	0	44	252	233	12	303
60900101	Northern	Oil	1556	175	1730	2186	605	2791	0	3	3	1920	278	2198	191	119	7	218	1921	2910	10	2416	90	96	30	91	366	724	10	496
60900102	Southern	Oil	348	333	681	121	85	206	0	0	0	368	347	715	188	40	2	197	869	246	2	913	78	84	0	78	521	125	2	544
60900103	Eastern	Gas	0	0	0	0	2000	2000	0	65	65	0	398	398	99	2735	100	654	99	4735	165	1053	0	42	39	38	99	4735	165	1053
60900104	La Luna and Older	Oil	11	4	15	2	2	5	0	0	0	11	4	16	231	399	21	318	246	403	21	334	6	1	0	5	235	401	21	322
60960101	Central	Oil	152	2942	3094	111	14961	15071	0	450	450	171	5885	6056	1312	2180	119	1794	4406	17251	569	7850	70	87	79	77	4254	17141	569	7680
60960102	Peripheral	Oil	1027	1282	2309	28	214	242	0	1	1	1031	1318	2349	2319	4036	218	3209	4627	4279	219	5559	50	6	0	42	3601	4251	219	4528
60980101	East Venezuela Fold and Thrust Belt	Oil	3253	9978	13231	10673	41706	52379	0	522	522	5032	17450	22482	4928	21298	1096	9573	18159	73677	1617	32055	73	71	32	70	14905	63004	1617	27023
60980102	Guarico Sub-Basin	Gas	268	54	322	2933	44646	47579	1	4	5	757	7500	8257	385	16995	760	3977	707	64574	765	12234	46	74	1	67	439	61641	764	11477
60980103	Maturin Sub-Basin	Oil	7468	1978	9446	5288	6791	12078	0	2	2	8350	3112	11462	1919	3258	174	2636	11365	15337	176	14098	83	79	1	81	3897	10049	176	5748
60980104	Orinoco Heavy Oil and Tar Belt	NA	38	3719	3757	3	257	260	0	0	0	39	3762	3801	NA	NA	NA	NA	NA	NA	NA	NA	NA	NA	NA	NA	NA	NA	NA	NA
60980201	Trinidad Basins	Oil	2780	667	3447	3156	12667	15822	26	146	172	3332	2924	6256	416	23960	1067	5477	3863	39782	1239	11733	89	40	14	53	1083	36627	1214	8401
60980202	Orinoco Delta and Offshore	Oil	0	0	0	0	0	0	0	0	0	0	0	0	4228	28049	1369	10271	4228	28049	1369	10271	0	0	0	0	4228	28049	1369	10271
60990101	Main Maracaibo Basin	Oil	34861	13350	48211	61	24857	24918	1	25	26	34872	17518	52389	7842	16085	896	11420	56053	41002	922	63809	86	61	3	82	21192	40942	921	28937
60990102	Southwest Maracaibo Basin Fold Belt	Oil	720	141	861	918	865	1783	0	17	17	873	303	1175	341	1491	77	666	1202	3275	93	1842	72	54	18	64	482	2356	93	969
60990103	Basin-Centered Gas	NA	0	0	0	0	0	0	0	0	0	0	0	0	NA	NA	NA	NA	NA	NA	NA	NA	NA	NA	NA	NA	NA	NA	NA	NA
61030101	Carupano Basin Gas	Gas	0	20	20	0	22600	22600	0	80	80	0	3867	3867	0	20103	201	3551	20	42703	281	7418	100	53	28	52	20	42703	281	7418
61070101	Inner Forearc Deformation Belt	Oil	0	0	0	0	0	0	0	0	0	0	0	0	1536	11957	582	4110	1536	11957	582	4110	0	0	0	0	1536	11957	582	4110
61070102	Barbados Accreationary Prism	NA	8	2	11	16	7	22	0	0	0	11	3	14	NA	NA	NA	NA	NA	NA	NA	NA	NA	NA	NA	NA	NA	NA	NA	NA
61170101	North Cuba Fold and Thrust Belt	Oil	65	232	297	20	77	96	0	0	0	68	245	313	494	592	35	628	790	688	35	940	38	14	0	33	726	668	35	873
70130101	Coastal Plain and Offshore	Oil	0	10	10	4	45	49	0	0	0	1	18	19	157	856	43	343	168	905	43	362	6	5	0	5	167	901	43	361
71830101	Coastal Plain and Offshore	Oil	74	162	236	46	1903	1949	0	36	36	81	515	596	1004	10071	282	2965	1240	12020	318	3561	19	16	11	17	1166	11974	318	3480
71920101	Agbada Reservoirs	Oil	16598	17925	34522	6232	87579	93811	10	2832	2842	17646	35353	53000	21925	85176	4078	40198	56447	178986	6920	93198	61	52	41	57	39850	172755	6910	75552
71920102	Akata Reservoirs	Oil	0	0	0	0	0	0	0	0	0	0	0	0	18562	47540	1956	28442	18562	47540	1956	28442	0	0	0	0	18562	47540	1956	28442
72030101	Gabon Subsalt	Oil	708	1044	1752	62	780	843	0	15	15	718	1189	1908	727	3674	172	1511	2480	4517	187	3419	71	19	8	56	1772	4455	187	2701
72030201	Gabon Suprasalt	Oil	1278	836	2114	203	1632	1835	0	10	10	1312	1118	2430	5031	13230	625	7861	7145	15065	636	10291	30	12	2	24	5867	14862	636	8979
72030301	Central Congo Delta and Carbonate Platform	Oil	3693	5847	9540	838	8603	9441	0	39	39	3833	7319	11152	4677	14314	692	7754	14216	23754	731	18906	67	40	5	59	10523	22916	731	15073
72030302	Central Congo Turbidites	Oil	0	205	205	0	2	2	0	0	0	0	205	205	18522	55268	2682	30415	18727	55270	2682	30621	1	0	0	1	18727	55270	2682	30621
72030401	Cuanza-Namibe	Oil	86	20	107	46	13	59	0	0	0	94	23	116	790	1558	73	1123	897	1617	73	1239	12	4	0	9	810	1571	73	1146
73030101	Offshore	Gas	0	0	0	0	6015	6015	0	0	0	0	1003	1003	116	3603	163	879	116	9618	163	1882	0	63	0	53	116	9618	163	1882
80260101	Kohat-Potwar Intrathrust Basin	Oil	204	121	324	807	1174	1981	9	32	41	347	349	696	145	551	27	264	469	2533	69	960	69	78	60	72	266	1726	60	613
80340101	Sylhet-Kopili/Barail-Tipam Composite	Oil	911	1625	2536	2039	4495	6534	0	5	5	1251	2379	3630	399	1178	67	663	2935	7712	72	4292	86	85	7	85	2024	5673	72	3042
80420101	Greater Indus Foreland and Foldbelt	Gas	111	70	180	15101	20272	35373	6	57	63	2633	3506	6139	119	25405	896	5249	299	60778	959	11388	60	58	7	54	188	45677	953	8755
80420102	Indus Fan	Gas	0	0	0	0	0	0	0	0	0	0	0	0	0	3919	137	790	0	3919	137	790	NA	0	0	0	0	3919	137	790
80430101	Eocene-Miocene Bombay Shelf	Oil	2337	3920	6257	4887	12641	17528	3	260	264	3155	6287	9442	1612	9299	301	3462	7868	26827	564	12904	80	65	47	73	5531	21940	561	9749
80430102	Eocene-Miocene Deltaics	Oil	1038	1146	2183	1342	5324	6665	1	3	4	1262	2036	3298	479	3645	117	1204	2662	10310	121	4502	82	65	3	73	1625	8969	120	3240
80470101	Coalbed Gas	NA	0	0	0	0	0	0	0	0	0	0	0	0	NA	NA	NA	NA	NA	NA	NA	NA	NA	NA	NA	NA	NA	NA	NA	NA
80470201	Western Shelf and Slope	NA	NA	NA	NA	NA	NA	NA	NA	NA	NA	NA	NA	NA	64	4613	56	888	NA	NA	NA	NA	NA	NA	NA	NA	NA	NA	NA	NA
80470301	Central Basin	Gas	0	0	0	0	0	0	0	0	0	0	0	0	15	23985	103	4115	15	23985	103	4115	0	0	0	0	15	23985	103	4115
80470302	Eastern Fold Belt	Gas	3	2	4	2669	9620	12289	3	48	51	451	1653	2104	24	26494	115	4554	28	38783	166	6658	16	32	31	32	26	36114	163	6207
80480101	Central Burma Basin	Oil	494	142	637	389	591	981	0	0	0	559	241	800	516	2008	99	949	1152	2989	99	1749	55	33	0	46	658	2600	99	1190
80480102	Irrawaddy-Andaman	Gas	34	46	79	333	8706	9040	2	61	63	92	1558	1649	209	18512	686	3981	288	27552	750	5630	28	33	8	29	254	27219	747	5538


																														

																														
																														
