Assessment Unit Code	Asssement Unit Name	Field Type 	Estimated Mean Number of Undiscovered Fields	Units for Minimum  Field Size	Minimum Field Size	Percent of Fields in 0.5 to 1 MMBOE	Percent of Fields in 1 to 2 MMBOE	Percent of Fields in 2 to 4 MMBOE	Percent of Fields in 4 to 8 MMBOE	Percent of Fields in 8 to 16 MMBOE	Percent of Fields in 16 to 32 MMBOE	Percent of Fields in 32 to 64 MMBOE	Percent of Fields in 64 to 128 MMBOE	Percent of Fields in 128 to 256 MMBOE	Percent of Fields in 256 to 512 MMBOE	"Percent of Fields in 512 to 1,024 MMBOE"	"Percent of Fields in 1,024 to 2,048 MMBOE"	"Percent of Fields in 2,048 to 4,096 MMBOE"	"Percent of Fields in 4,096 to 8,192 MMBOE"	"Percent of Fields in 8,192 to 16,384 MMBOE"	"Percent of Fields in 16,384 to 32,768 MMBOE"	"Percent of Fields in 32,768 to 65,536 MMBOE"	"Percent of Fields in >65,536 MMBOE"																				
10080101	Northwest Izhma-Pechora Depression	 oil	1.3	 MMBO	5	0.00	0.00	0.00	32.00	44.62	17.40	4.91	1.01	0.06	0.00	0.00	0.00	0.00	0.00	0.00	0.00	0.00	0.00																				0
10080101	Northwest Izhma-Pechora Depression	 gas	1.3	 BCFG	30	0.00	0.00	0.00	32.00	44.62	17.40	4.91	1.01	0.06	0.00	0.00	0.00	0.00	0.00	0.00	0.00	0.00	0.00																				
10080102	Main Basin Platform	 oil	105.6	 MMBO	5	0.00	0.00	0.00	13.64	28.03	23.97	16.92	9.96	4.84	1.92	0.62	0.10	0.00	0.00	0.00	0.00	0.00	0.00																				
10080102	Main Basin Platform	 gas	32.2	 BCFG	30	0.00	0.00	0.00	4.40	21.06	27.06	23.08	14.50	6.82	2.40	0.63	0.04	0.00	0.00	0.00	0.00	0.00	0.00																				
10080103	Foredeep Basins	 oil	8.7	 MMBO	5	0.00	0.00	0.00	15.59	37.65	26.65	13.42	5.04	1.41	0.24	0.00	0.00	0.00	0.00	0.00	0.00	0.00	0.00																				
10080103	Foredeep Basins	 gas	56.5	 BCFG	30	0.00	0.00	0.00	9.24	24.59	24.54	19.24	12.28	6.36	2.66	0.89	0.20	0.00	0.00	0.00	0.00	0.00	0.00																				
10090101	Carboniferous-Lower Permian Clastics	 oil	15.4	 MMBO	3	0.00	0.00	4.58	33.98	31.94	18.70	7.87	2.40	0.52	0.00	0.00	0.00	0.00	0.00	0.00	0.00	0.00	0.00																				
10090101	Carboniferous-Lower Permian Clastics	 gas	141.6	 BCFG	18	0.00	0.00	11.74	36.48	25.51	14.90	7.29	2.92	0.95	0.21	0.00	0.00	0.00	0.00	0.00	0.00	0.00	0.00																				
10090102	Devonian Synrift	 oil	19.4	 MMBO	7	0.00	0.00	0.00	0.92	27.69	32.03	22.11	11.36	4.40	1.28	0.22	0.00	0.00	0.00	0.00	0.00	0.00	0.00																				
10090102	Devonian Synrift	 gas	28.6	 BCFG	42	0.00	0.00	0.00	0.98	27.83	31.71	21.97	11.41	4.50	1.34	0.25	0.00	0.00	0.00	0.00	0.00	0.00	0.00																				
10150101	Supra-Domanik Carbonates/Clastics	 oil	363.9	 MMBO	1	0.00	38.28	31.33	17.68	8.33	3.20	0.98	0.19	0.00	0.00	0.00	0.00	0.00	0.00	0.00	0.00	0.00	0.00																				
10150101	Supra-Domanik Carbonates/Clastics	 gas	15.6	 BCFG	6	0.00	9.10	30.02	31.45	19.36	7.73	2.04	0.30	0.00	0.00	0.00	0.00	0.00	0.00	0.00	0.00	0.00	0.00																				
10150102	Lower Volga	 oil	30	 MMBO	1	0.00	28.03	35.37	22.07	10.11	3.46	0.88	0.09	0.00	0.00	0.00	0.00	0.00	0.00	0.00	0.00	0.00	0.00																				
10150102	Lower Volga	 gas	15	 BCFG	6	0.00	28.03	35.37	22.07	10.11	3.46	0.88	0.09	0.00	0.00	0.00	0.00	0.00	0.00	0.00	0.00	0.00	0.00																				
10150103	Sub-Domanik Devonian Clastics	 oil	101.6	 MMBO	1	0.00	32.11	28.69	19.28	11.22	5.52	2.26	0.76	0.16	0.00	0.00	0.00	0.00	0.00	0.00	0.00	0.00	0.00																				
10150103	Sub-Domanik Devonian Clastics	 gas	6.5	 BCFG	6	0.00	7.83	22.37	26.71	21.84	13.08	5.80	1.90	0.45	0.00	0.00	0.00	0.00	0.00	0.00	0.00	0.00	0.00
10150201	Permian Reefs/Thrust Folds	 oil	5.1	 MMBO	3	0.00	0.00	14.79	53.95	23.23	6.60	1.33	0.11	0.00	0.00	0.00	0.00	0.00	0.00	0.00	0.00	0.00	0.00
10150201	Permian Reefs/Thrust Folds	 gas	20	 BCFG	18	0.00	0.00	6.55	41.18	31.29	14.76	4.93	1.17	0.12	0.00	0.00	0.00	0.00	0.00	0.00	0.00	0.00	0.00
10160101	North and West Margins Subsalt Pinnacle Reefs	 oil	8.2	 MMBO	20	0.00	0.00	0.00	0.00	0.00	0.04	6.42	33.33	40.11	17.08	2.91	0.11	0.00	0.00	0.00	0.00	0.00	0.00
10160101	North and West Margins Subsalt Pinnacle Reefs	 gas	8.2	 BCFG	120	0.00	0.00	0.00	0.00	0.00	0.11	3.11	12.57	23.72	27.03	19.93	9.71	3.14	0.67	0.01	0.00	0.00	0.00
10160102	North and West Margins Subsalt Barrier Reefs	 oil	26.2	 MMBO	10	0.00	0.00	0.00	0.00	27.51	54.77	15.39	2.22	0.09	0.00	0.00	0.00	0.00	0.00	0.00	0.00	0.00	0.00
10160102	North and West Margins Subsalt Barrier Reefs	 gas	26.2	 BCFG	60	0.00	0.00	0.00	0.00	45.94	42.02	10.11	1.79	0.15	0.00	0.00	0.00	0.00	0.00	0.00	0.00	0.00	0.00
10160103	East and Southeast Margins Subsalt	 oil	41.4	 MMBO	10	0.00	0.00	0.00	0.00	26.93	33.29	20.40	11.19	5.28	2.09	0.69	0.13	0.00	0.00	0.00	0.00	0.00	0.00
10160103	East and Southeast Margins Subsalt	 gas	10.4	 BCFG	60	0.00	0.00	0.00	0.00	36.06	34.98	17.18	7.69	2.95	0.94	0.20	0.00	0.00	0.00	0.00	0.00	0.00	0.00
10160104	South Margin Subsalt	 oil	29.3	 MMBO	20	0.00	0.00	0.00	0.00	0.00	8.08	18.16	19.46	18.06	14.61	10.24	6.17	3.18	1.40	0.52	0.12	0.00	0.00
10160104	South Margin Subsalt	 gas	29.3	 BCFG	120	0.00	0.00	0.00	0.00	0.00	32.15	25.61	16.52	11.03	6.98	4.06	2.12	1.00	0.42	0.12	0.00	0.00	0.00
10160106	Suprasalt	 oil	129.5	 MMBO	3	0.00	0.00	1.96	21.44	29.30	24.18	14.35	6.28	2.02	0.47	0.00	0.00	0.00	0.00	0.00	0.00	0.00	0.00
10160106	Suprasalt	 gas	95.2	 BCFG	18	0.00	0.00	13.05	47.59	25.78	10.00	2.93	0.64	0.01	0.00	0.00	0.00	0.00	0.00	0.00	0.00	0.00	0.00
10500101	Kolguyev Terrace	 oil	16.3	 MMBO	10	0.00	0.00	0.00	0.00	35.50	36.32	17.35	7.34	2.61	0.76	0.11	0.00	0.00	0.00	0.00	0.00	0.00	0.00
10500101	Kolguyev Terrace	 gas	48.9	 BCFG	60	0.00	0.00	0.00	0.00	27.39	32.60	20.08	11.24	5.47	2.25	0.77	0.18	0.00	0.00	0.00	0.00	0.00	0.00
10500102	South Barents and Ludlov Saddle	 oil	4.3	 MMBO	20	0.00	0.00	0.00	0.00	0.00	33.36	41.42	17.57	5.88	1.52	0.24	0.00	0.00	0.00	0.00	0.00	0.00	0.00
10500102	South Barents and Ludlov Saddle	 gas	129.5	 BCFG	120	0.00	0.00	0.00	0.00	0.00	22.92	25.85	18.98	13.56	8.90	5.23	2.71	1.24	0.49	0.14	0.00	0.00	0.00
10500103	North Barents	 oil	2.8	 MMBO	20	0.00	0.00	0.00	0.00	0.00	42.16	41.06	12.96	3.22	0.60	0.00	0.00	0.00	0.00	0.00	0.00	0.00	0.00
10500103	North Barents	 gas	61.2	 BCFG	120	0.00	0.00	0.00	0.00	0.00	24.34	29.01	19.99	12.95	7.50	3.79	1.65	0.61	0.16	0.00	0.00	0.00	0.00
11080101	Tertiary Foredeep	 oil	30.5	 MMBO	2	0.00	0.00	38.28	31.33	17.68	8.33	3.20	0.98	0.19	0.00	0.00	0.00	0.00	0.00	0.00	0.00	0.00	0.00
11080101	Tertiary Foredeep	 gas	35.8	 BCFG	12	0.00	0.00	19.17	33.87	26.01	13.86	5.34	1.49	0.25	0.00	0.00	0.00	0.00	0.00	0.00	0.00	0.00	0.00
11080102	Foreland Slope	 oil	5.1	 MMBO	2	0.00	0.00	38.28	31.33	17.68	8.33	3.20	0.98	0.19	0.00	0.00	0.00	0.00	0.00	0.00	0.00	0.00	0.00
11080102	Foreland Slope	 gas	62.1	 BCFG	12	0.00	0.00	20.74	27.78	22.83	15.19	8.24	3.61	1.27	0.35	0.00	0.00	0.00	0.00	0.00	0.00	0.00	0.00
11080103	Subsalt Jurassic	 oil	5.4	 MMBO	7	0.00	0.00	0.00	8.68	60.44	22.31	6.70	1.63	0.25	0.00	0.00	0.00	0.00	0.00	0.00	0.00	0.00	0.00
11080103	Subsalt Jurassic	 gas	12.4	 BCFG	42	0.00	0.00	0.00	3.73	44.08	29.51	14.62	5.81	1.82	0.43	0.00	0.00	0.00	0.00	0.00	0.00	0.00	0.00
11090101	Foldbelt-Foothills	 oil	26.1	 MMBO	7	0.00	0.00	0.00	0.02	6.75	23.49	30.42	23.26	11.49	3.75	0.81	0.03	0.00	0.00	0.00	0.00	0.00	0.00
11090101	Foldbelt-Foothills	 gas	20.7	 BCFG	42	0.00	0.00	0.00	0.00	5.10	23.46	33.08	24.47	10.66	2.82	0.40	0.00	0.00	0.00	0.00	0.00	0.00	0.00
11090102	Terek-Sunzha Subsalt Jurassic	 oil	4.6	 MMBO	20	0.00	0.00	0.00	0.00	0.00	13.25	54.76	26.13	5.35	0.50	0.00	0.00	0.00	0.00	0.00	0.00	0.00	0.00
11090102	Terek-Sunzha Subsalt Jurassic	 gas	17.7	 BCFG	120	0.00	0.00	0.00	0.00	0.00	8.41	39.26	32.70	14.74	4.16	0.74	0.00	0.00	0.00	0.00	0.00	0.00	0.00
11090103	Foreland Slope and Foredeep	 oil	30.8	 MMBO	7	0.00	0.00	0.00	4.45	68.91	22.30	3.94	0.41	0.00	0.00	0.00	0.00	0.00	0.00	0.00	0.00	0.00	0.00
11090103	Foreland Slope and Foredeep	 gas	14	 BCFG	42	0.00	0.00	0.00	3.09	75.70	19.22	1.97	0.02	0.00	0.00	0.00	0.00	0.00	0.00	0.00	0.00	0.00	0.00
11090201	South Mangyshlak (Entire)	 oil	31.7	 MMBO	3	0.00	0.00	3.15	27.82	31.30	21.70	10.85	3.97	1.06	0.14	0.00	0.00	0.00	0.00	0.00	0.00	0.00	0.00
11090201	South Mangyshlak (Entire)	 gas	12.7	 BCFG	18	0.00	0.00	1.16	27.02	38.40	23.31	8.20	1.76	0.15	0.00	0.00	0.00	0.00	0.00	0.00	0.00	0.00	0.00
11090301	Offshore Prikumsk Zone	 oil	22.8	 MMBO	10	0.00	0.00	0.00	0.00	35.50	36.32	17.35	7.34	2.61	0.76	0.11	0.00	0.00	0.00	0.00	0.00	0.00	0.00
11090301	Offshore Prikumsk Zone	 gas	14.5	 BCFG	60	0.00	0.00	0.00	0.00	31.00	46.91	17.13	4.24	0.72	0.00	0.00	0.00	0.00	0.00	0.00	0.00	0.00	0.00
11090302	Onshore Stavropol-Prikumsk	 oil	31.1	 MMBO	3	0.00	0.00	7.38	51.90	29.91	8.99	1.70	0.12	0.00	0.00	0.00	0.00	0.00	0.00	0.00	0.00	0.00	0.00
11090302	Onshore Stavropol-Prikumsk	 gas	15.6	 BCFG	18	0.00	0.00	24.90	56.70	15.16	2.91	0.34	0.00	0.00	0.00	0.00	0.00	0.00	0.00	0.00	0.00	0.00	0.00
11090303	Central Caspian Offshore	 oil	13.7	 MMBO	10	0.00	0.00	0.00	0.00	27.51	54.77	15.39	2.22	0.09	0.00	0.00	0.00	0.00	0.00	0.00	0.00	0.00	0.00
11090303	Central Caspian Offshore	 gas	18.8	 BCFG	60	0.00	0.00	0.00	0.00	3.54	52.21	37.55	6.42	0.29	0.00	0.00	0.00	0.00	0.00	0.00	0.00	0.00	0.00
11120101	Apsheron-Pribalkhan Zone	 oil	31.4	 MMBO	5	0.00	0.00	0.00	4.40	16.69	21.80	21.33	16.72	10.59	5.40	2.21	0.72	0.14	0.00	0.00	0.00	0.00	0.00
11120101	Apsheron-Pribalkhan Zone	 gas	10.8	 BCFG	30	0.00	0.00	0.00	3.57	18.82	26.12	23.78	15.89	7.94	2.97	0.83	0.10	0.00	0.00	0.00	0.00	0.00	0.00
11120102	Lower Kura Depression and Adjacent Shelf	 oil	20.3	 MMBO	5	0.00	0.00	0.00	5.47	21.32	25.59	21.87	14.41	7.37	2.93	0.90	0.16	0.00	0.00	0.00	0.00	0.00	0.00
11120102	Lower Kura Depression and Adjacent Shelf	 gas	40.5	 BCFG	30	0.00	0.00	0.00	5.11	16.50	20.52	20.14	16.36	11.02	6.14	2.82	1.06	0.33	0.00	0.00	0.00	0.00	0.00
11120103	Gograndag-Okarem Zone and Adjacent Shelf	 oil	50.5	 MMBO	5	0.00	0.00	0.00	9.84	21.04	21.04	18.10	13.47	8.60	4.67	2.15	0.83	0.27	0.00	0.00	0.00	0.00	0.00
11120103	Gograndag-Okarem Zone and Adjacent Shelf	 gas	50.5	 BCFG	30	0.00	0.00	0.00	9.84	21.04	21.04	18.10	13.47	8.60	4.67	2.15	0.83	0.27	0.00	0.00	0.00	0.00	0.00
11120104	Central Offshore	 oil	41.6	 MMBO	10	0.00	0.00	0.00	0.00	7.74	21.37	23.01	19.74	13.99	8.17	3.91	1.53	0.49	0.06	0.00	0.00	0.00	0.00
11120104	Central Offshore	 gas	61.8	 BCFG	60	0.00	0.00	0.00	0.00	7.74	21.37	23.01	19.74	13.99	8.17	3.91	1.53	0.49	0.06	0.00	0.00	0.00	0.00
11120105	Iran Onshore/Nearshore	 oil	5	 MMBO	5	0.00	0.00	0.00	10.15	30.19	27.63	18.19	9.14	3.51	1.02	0.17	0.00	0.00	0.00	0.00	0.00	0.00	0.00
11120105	Iran Onshore/Nearshore	 gas	9.9	 BCFG	30	0.00	0.00	0.00	10.15	30.19	27.63	18.18	9.14	3.51	1.02	0.17	0.00	0.00	0.00	0.00	0.00	0.00	0.00
11500101	Mesozoic Sandstone Reservoirs	 oil	16.4	 MMBO	3	0.00	0.00	4.02	19.91	22.44	20.18	15.28	9.71	5.15	2.26	0.82	0.22	0.00	0.00	0.00	0.00	0.00	0.00
11500101	Mesozoic Sandstone Reservoirs	 gas	0	 BCFG	18	0.00	0.00	0.00	0.00	0.00	0.00	0.00	0.00	0.00	0.00	0.00	0.00	0.00	0.00	0.00	0.00	0.00	0.00
11500201	Jurassic-Tertiary Reservoirs	 oil	10.8	 MMBO	3	0.00	0.00	8.80	41.25	28.95	14.13	5.20	1.43	0.24	0.00	0.00	0.00	0.00	0.00	0.00	0.00	0.00	0.00
11500201	Jurassic-Tertiary Reservoirs	 gas	26.8	 BCFG	18	0.00	0.00	8.80	41.25	28.95	14.13	5.20	1.43	0.24	0.00	0.00	0.00	0.00	0.00	0.00	0.00	0.00	0.00
11500301	Upper Paleozoic Carbonates	 oil	0	 MMBO	10	0.00	0.00	0.00	0.00	0.00	0.00	0.00	0.00	0.00	0.00	0.00	0.00	0.00	0.00	0.00	0.00	0.00	0.00
11500301	Upper Paleozoic Carbonates	 gas	25.7	 BCFG	60	0.00	0.00	0.00	0.00	27.39	32.60	20.08	11.24	5.47	2.25	0.77	0.18	0.00	0.00	0.00	0.00	0.00	0.00
11540101	Northern and Western Areas	 oil	10.2	 MMBO	3	0.00	0.00	27.90	50.28	16.26	4.48	0.99	0.09	0.00	0.00	0.00	0.00	0.00	0.00	0.00	0.00	0.00	0.00
11540101	Northern and Western Areas	 gas	109.2	 BCFG	18	0.00	0.00	8.88	39.09	28.46	15.03	6.15	1.93	0.45	0.00	0.00	0.00	0.00	0.00	0.00	0.00	0.00	0.00
11540102	Karabil-Badkhyz (Southern Area)	 oil	10.3	 MMBO	3	0.00	0.00	16.45	51.13	22.89	7.44	1.82	0.27	0.00	0.00	0.00	0.00	0.00	0.00	0.00	0.00	0.00	0.00
11540102	Karabil-Badkhyz (Southern Area)	 gas	62.7	 BCFG	18	0.00	0.00	3.34	28.72	31.47	21.29	10.39	3.71	0.97	0.11	0.00	0.00	0.00	0.00	0.00	0.00	0.00	0.00
11540103	Murgab Depression Suprasalt	 oil	0	 MMBO	3	0.00	0.00	0.00	0.00	0.00	0.00	0.00	0.00	0.00	0.00	0.00	0.00	0.00	0.00	0.00	0.00	0.00	0.00
11540103	Murgab Depression Suprasalt	 gas	44	 BCFG	18	0.00	0.00	5.94	33.46	29.68	18.28	8.60	3.09	0.84	0.10	0.00	0.00	0.00	0.00	0.00	0.00	0.00	0.00
11540104	Murgab Depression Subsalt	 oil	3.1	 MMBO	5	0.00	0.00	0.00	0.07	10.78	43.81	35.60	9.00	0.73	0.00	0.00	0.00	0.00	0.00	0.00	0.00	0.00	0.00
11540104	Murgab Depression Subsalt	 gas	91.6	 BCFG	30	0.00	0.00	0.00	10.99	16.78	16.31	15.20	13.15	10.38	7.40	4.74	2.72	1.40	0.64	0.26	0.04	0.00	0.00
11740101	Upper Jurassic-Cretaceous Sandstones	 oil	1075	 MMBO	5	0.00	0.00	0.00	32.47	27.19	17.02	10.82	6.43	3.45	1.65	0.70	0.26	0.01	0.00	0.00	0.00	0.00	0.00
11740101	Upper Jurassic-Cretaceous Sandstones	 gas	21.7	 BCFG	30	0.00	0.00	0.00	36.60	33.68	16.98	8.00	3.29	1.14	0.32	0.00	0.00	0.00	0.00	0.00	0.00	0.00	0.00
11740201	Pre-Upper Jurassic	 oil	327.8	 MMBO	5	0.00	0.00	0.00	37.81	30.72	16.36	8.58	4.08	1.70	0.61	0.14	0.00	0.00	0.00	0.00	0.00	0.00	0.00
11740201	Pre-Upper Jurassic	 gas	10.8	 BCFG	30	0.00	0.00	0.00	32.52	43.39	17.49	5.29	1.19	0.12	0.00	0.00	0.00	0.00	0.00	0.00	0.00	0.00	0.00
11740301	Northern West Siberian Onshore Gas	 oil	16	 MMBO	20	0.00	0.00	0.00	0.00	0.00	10.02	44.08	31.46	11.59	2.57	0.28	0.00	0.00	0.00	0.00	0.00	0.00	0.00
11740301	Northern West Siberian Onshore Gas	 gas	120.8	 BCFG	120	0.00	0.00	0.00	0.00	0.00	25.26	27.95	19.27	12.78	7.70	4.10	1.90	0.76	0.26	0.00	0.00	0.00	0.00
11740302	South Kara Sea Offshore	 oil	22.3	 MMBO	20	0.00	0.00	0.00	0.00	0.00	13.61	30.04	25.11	16.67	8.98	3.89	1.34	0.36	0.00	0.00	0.00	0.00	0.00
11740302	South Kara Sea Offshore	 gas	74	 BCFG	120	0.00	0.00	0.00	0.00	0.00	6.85	15.12	17.02	16.98	15.06	11.79	8.09	4.85	2.53	1.14	0.45	0.11	0.00
12070101	Yenisey Foldbelt Riphean-Craton Margin Riphean	 oil	22.3	 MMBO	5	0.00	0.00	0.00	15.47	26.80	22.28	16.19	10.17	5.44	2.45	0.92	0.28	0.00	0.00	0.00	0.00	0.00	0.00
12070101	Yenisey Foldbelt Riphean-Craton Margin Riphean	 gas	33.7	 BCFG	30	0.00	0.00	0.00	15.47	26.80	22.28	16.19	10.17	5.44	2.45	0.92	0.28	0.00	0.00	0.00	0.00	0.00	0.00
12100101	Baikal-Patom Foldbelt Riphean-Craton Margin Vendian	 oil	25.9	 MMBO	5	0.00	0.00	0.00	10.15	24.29	23.60	18.65	12.26	6.67	2.98	1.08	0.32	0.00	0.00	0.00	0.00	0.00	0.00
12100101	Baikal-Patom Foldbelt Riphean-Craton Margin Vendian	 gas	117	 BCFG	30	0.00	0.00	0.00	15.47	26.80	22.28	16.19	10.17	5.44	2.45	0.92	0.28	0.00	0.00	0.00	0.00	0.00	0.00
13220101	Onshore and Offshore Northeastern Shelf	 oil	43.1	 MMBO	5	0.00	0.00	0.00	9.63	24.47	24.13	18.99	12.28	6.50	2.79	0.97	0.25	0.00	0.00	0.00	0.00	0.00	0.00
13220101	Onshore and Offshore Northeastern Shelf	 gas	85.8	 BCFG	30	0.00	0.00	0.00	13.62	22.88	20.45	16.56	11.92	7.50	4.09	1.92	0.77	0.27	0.00	0.00	0.00	0.00	0.00
20040101	Ma'Rib-Al Jawf/Shabwah/Masila	 oil	71.5	 MMBO	5	0.00	0.00	0.00	5.68	27.53	30.84	21.32	10.25	3.49	0.84	0.06	0.00	0.00	0.00	0.00	0.00	0.00	0.00
20040101	Ma'Rib-Al Jawf/Shabwah/Masila	 gas	35	 BCFG	30	0.00	0.00	0.00	13.15	34.96	27.51	15.40	6.47	2.04	0.47	0.00	0.00	0.00	0.00	0.00	0.00	0.00	0.00
20140101	Ghaba-Makarem Combined Structural	 oil	43.1	 MMBO	5	0.00	0.00	0.00	35.50	36.32	17.35	7.34	2.61	0.76	0.11	0.00	0.00	0.00	0.00	0.00	0.00	0.00	0.00
20140101	Ghaba-Makarem Combined Structural	 gas	20.3	 BCFG	30	0.00	0.00	0.00	3.57	18.82	26.12	23.78	15.89	7.94	2.97	0.83	0.10	0.00	0.00	0.00	0.00	0.00	0.00
20160101	Fahud-Huqf Combined Structural	 oil	26.8	 MMBO	4	0.00	0.00	0.00	17.27	25.00	22.63	16.77	10.25	5.14	2.10	0.69	0.13	0.00	0.00	0.00	0.00	0.00	0.00
20160101	Fahud-Huqf Combined Structural	 gas	26.8	 BCFG	24	0.00	0.00	0.00	5.26	23.99	31.88	23.71	11.12	3.38	0.66	0.00	0.00	0.00	0.00	0.00	0.00	0.00	0.00
20160201	Natih-Fiqa Structural/Stratigraphic	 oil	16.3	 MMBO	1	0.00	5.29	15.66	21.75	22.02	17.23	10.54	5.04	1.88	0.54	0.05	0.00	0.00	0.00	0.00	0.00	0.00	0.00
20160201	Natih-Fiqa Structural/Stratigraphic	 gas	4.3	 BCFG	6	0.00	26.98	30.31	21.50	12.43	5.84	2.20	0.66	0.09	0.00	0.00	0.00	0.00	0.00	0.00	0.00	0.00	0.00
20190101	Cretaceous Reservoirs in Northwest Desert Anticlines	 oil	43.3	 MMBO	10	0.00	0.00	0.00	0.00	15.47	26.80	22.28	16.19	10.17	5.44	2.45	0.92	0.28	0.00	0.00	0.00	0.00	0.00
20190101	Cretaceous Reservoirs in Northwest Desert Anticlines	 gas	0	 BCFG	60	0.00	0.00	0.00	0.00	0.00	0.00	0.00	0.00	0.00	0.00	0.00	0.00	0.00	0.00	0.00	0.00	0.00	0.00
20190102	Cretaceous Reservoirs in South Gulf Suprasalt Structural	 oil	47.6	 MMBO	10	0.00	0.00	0.00	0.00	22.90	29.50	20.68	13.34	7.60	3.74	1.57	0.55	0.12	0.00	0.00	0.00	0.00	0.00
20190102	Cretaceous Reservoirs in South Gulf Suprasalt Structural	 gas	5.1	 BCFG	60	0.00	0.00	0.00	0.00	17.84	47.23	25.15	7.98	1.65	0.14	0.00	0.00	0.00	0.00	0.00	0.00	0.00	0.00
20190103	Mesozoic/Tertiary Foredeep Fold and Thrust	 oil	9.7	 MMBO	10	0.00	0.00	0.00	0.00	17.03	36.03	25.44	13.60	5.65	1.81	0.43	0.00	0.00	0.00	0.00	0.00	0.00	0.00
20190103	Mesozoic/Tertiary Foredeep Fold and Thrust	 gas	32.6	 BCFG	60	0.00	0.00	0.00	0.00	20.00	32.71	23.01	13.65	6.77	2.75	0.91	0.20	0.00	0.00	0.00	0.00	0.00	0.00
20190201	Jurassic Reservoirs in Northwest Desert Anticlines	 oil	43.1	 MMBO	10	0.00	0.00	0.00	0.00	6.30	17.27	20.05	19.19	15.58	10.71	6.20	3.01	1.22	0.41	0.05	0.00	0.00	0.00
20190201	Jurassic Reservoirs in Northwest Desert Anticlines	 gas	20.5	 BCFG	60	0.00	0.00	0.00	0.00	3.76	16.35	22.48	22.21	17.15	10.46	5.04	1.91	0.57	0.06	0.00	0.00	0.00	0.00
20190202	Jurassic Reservoirs in South Gulf Suprasalt/Qatar Arch Structural	 oil	63.4	 MMBO	10	0.00	0.00	0.00	0.00	19.42	33.35	23.48	13.67	6.57	2.56	0.80	0.14	0.00	0.00	0.00	0.00	0.00	0.00
20190202	Jurassic Reservoirs in South Gulf Suprasalt/Qatar Arch Structural	 gas	16.4	 BCFG	60	0.00	0.00	0.00	0.00	22.71	39.65	22.99	10.17	3.48	0.90	0.10	0.00	0.00	0.00	0.00	0.00	0.00	0.00
20190301	Khuff Carbonates in Salt Structures	 oil	0	 MMBO	10	0.00	0.00	0.00	0.00	0.00	0.00	0.00	0.00	0.00	0.00	0.00	0.00	0.00	0.00	0.00	0.00	0.00	0.00
20190301	Khuff Carbonates in Salt Structures	 gas	52.1	 BCFG	60	0.00	0.00	0.00	0.00	22.05	30.44	21.36	13.47	7.39	3.45	1.35	0.44	0.05	0.00	0.00	0.00	0.00	0.00
20190302	Paleozoic Reservoirs	 oil	49.1	 MMBO	10	0.00	0.00	0.00	0.00	17.29	21.06	17.64	14.55	11.22	7.91	5.03	2.87	1.46	0.66	0.27	0.04	0.00	0.00
20190302	Paleozoic Reservoirs	 gas	175.6	 BCFG	60	0.00	0.00	0.00	0.00	17.29	21.06	17.64	14.55	11.22	7.91	5.03	2.87	1.46	0.66	0.27	0.04	0.00	0.00
20210101	Central Arch Horst-Block Anticlinal Oil and Gas	 oil	92.3	 MMBO	20	0.00	0.00	0.00	0.00	0.00	7.80	24.97	26.17	20.22	12.22	5.79	2.14	0.62	0.06	0.00	0.00	0.00	0.00
20210101	Central Arch Horst-Block Anticlinal Oil and Gas	 gas	120	 BCFG	120	0.00	0.00	0.00	0.00	0.00	7.40	21.88	23.84	20.17	13.86	7.73	3.49	1.27	0.37	0.00	0.00	0.00	0.00
20210102	North Gulf Salt Basin Structural Gas	 oil	0	 MMBO	20	0.00	0.00	0.00	0.00	0.00	0.00	0.00	0.00	0.00	0.00	0.00	0.00	0.00	0.00	0.00	0.00	0.00	0.00
20210102	North Gulf Salt Basin Structural Gas	 gas	77.8	 BCFG	120	0.00	0.00	0.00	0.00	0.00	6.07	19.65	23.01	20.71	15.10	8.95	4.29	1.66	0.51	0.06	0.00	0.00	0.00
20210201	Horst-Block Anticlinal Oil	 oil	120	 MMBO	20	0.00	0.00	0.00	0.00	0.00	8.72	24.74	25.11	19.59	12.27	6.17	2.47	0.79	0.14	0.00	0.00	0.00	0.00
20210201	Horst-Block Anticlinal Oil	 gas	0	 BCFG	120	0.00	0.00	0.00	0.00	0.00	0.00	0.00	0.00	0.00	0.00	0.00	0.00	0.00	0.00	0.00	0.00	0.00	0.00
20210202	Salt-Involved Structural Oil	 oil	51.5	 MMBO	20	0.00	0.00	0.00	0.00	0.00	2.73	16.39	24.98	24.46	17.40	9.20	3.62	1.06	0.17	0.00	0.00	0.00	0.00
20210202	Salt-Involved Structural Oil	 gas	0	 BCFG	120	0.00	0.00	0.00	0.00	0.00	0.00	0.00	0.00	0.00	0.00	0.00	0.00	0.00	0.00	0.00	0.00	0.00	0.00
20230101	Horst/Graben-Related Oil and Gas	 oil	42.1	 MMBO	5	0.00	0.00	0.00	10.15	24.29	23.60	18.65	12.26	6.67	2.98	1.08	0.32	0.00	0.00	0.00	0.00	0.00	0.00
20230101	Horst/Graben-Related Oil and Gas	 gas	174.6	 BCFG	30	0.00	0.00	0.00	9.24	24.59	24.54	19.24	12.28	6.36	2.66	0.89	0.20	0.00	0.00	0.00	0.00	0.00	0.00
20230201	Platform Horst/Graben-Related Oil	 oil	100.8	 MMBO	5	0.00	0.00	0.00	6.16	25.22	28.32	21.43	11.98	5.01	1.56	0.33	0.00	0.00	0.00	0.00	0.00	0.00	0.00
20230201	Platform Horst/Graben-Related Oil	 gas	32.6	 BCFG	30	0.00	0.00	0.00	10.44	37.44	30.34	15.20	5.22	1.24	0.12	0.00	0.00	0.00	0.00	0.00	0.00	0.00	0.00
20230202	Basinal Oil and Gas	 oil	25.2	 MMBO	20	0.00	0.00	0.00	0.00	0.00	20.86	42.50	23.93	9.44	2.72	0.56	0.00	0.00	0.00	0.00	0.00	0.00	0.00
20230202	Basinal Oil and Gas	 gas	25.2	 BCFG	120	0.00	0.00	0.00	0.00	0.00	20.86	42.50	23.93	9.44	2.72	0.56	0.00	0.00	0.00	0.00	0.00	0.00	0.00
20300101	Cretaceous Reservoirs	 oil	156.4	 MMBO	10	0.00	0.00	0.00	0.00	7.49	15.21	16.63	16.45	14.65	11.62	8.15	5.04	2.73	1.30	0.54	0.18	0.00	0.00
20300101	Cretaceous Reservoirs	 gas	36.9	 BCFG	60	0.00	0.00	0.00	0.00	3.80	18.95	25.78	23.45	15.83	8.07	3.10	0.90	0.13	0.00	0.00	0.00	0.00	0.00
20300102	Tertiary Reservoirs	 oil	79.6	 MMBO	10	0.00	0.00	0.00	0.00	6.30	17.27	20.05	19.19	15.58	10.71	6.20	3.01	1.22	0.41	0.05	0.00	0.00	0.00
20300102	Tertiary Reservoirs	 gas	53.3	 BCFG	60	0.00	0.00	0.00	0.00	2.46	15.26	24.09	24.46	18.10	9.99	4.12	1.27	0.25	0.00	0.00	0.00	0.00	0.00
20300201	Northern Qatar Arch Extension	 oil	0	 MMBO	20	0.00	0.00	0.00	0.00	0.00	0.00	0.00	0.00	0.00	0.00	0.00	0.00	0.00	0.00	0.00	0.00	0.00	0.00
20300201	Northern Qatar Arch Extension	 gas	47.1	 BCFG	120	0.00	0.00	0.00	0.00	0.00	7.68	23.26	24.83	20.20	13.15	6.87	2.86	0.94	0.21	0.00	0.00	0.00	0.00
20430101	Southeast Sirte Clastics	 oil	30.8	 MMBO	10	0.00	0.00	0.00	0.00	3.39	24.88	33.17	23.78	10.87	3.27	0.64	0.00	0.00	0.00	0.00	0.00	0.00	0.00
20430101	Southeast Sirte Clastics	 gas	0	 BCFG	60	0.00	0.00	0.00	0.00	0.00	0.00	0.00	0.00	0.00	0.00	0.00	0.00	0.00	0.00	0.00	0.00	0.00	0.00
20430102	Central Sirte Carbonates	 oil	80	 MMBO	5	0.00	0.00	0.00	6.68	25.17	27.59	21.03	12.08	5.27	1.74	0.43	0.00	0.00	0.00	0.00	0.00	0.00	0.00
20430102	Central Sirte Carbonates	 gas	21.1	 BCFG	30	0.00	0.00	0.00	6.68	25.17	27.59	21.03	12.08	5.27	1.74	0.43	0.00	0.00	0.00	0.00	0.00	0.00	0.00
20430103	Offshore Sirte Hypothetical	 oil	7.2	 MMBO	10	0.00	0.00	0.00	0.00	17.03	36.03	25.44	13.60	5.65	1.81	0.43	0.00	0.00	0.00	0.00	0.00	0.00	0.00
20430103	Offshore Sirte Hypothetical	 gas	7.2	 BCFG	60	0.00	0.00	0.00	0.00	17.03	36.03	25.44	13.60	5.65	1.81	0.43	0.00	0.00	0.00	0.00	0.00	0.00	0.00
20430104	Southeast Sirte Hypothetical	 oil	7.7	 MMBO	5	0.00	0.00	0.00	7.75	31.49	30.66	18.88	8.17	2.51	0.54	0.00	0.00	0.00	0.00	0.00	0.00	0.00	0.00
20430104	Southeast Sirte Hypothetical	 gas	0	 BCFG	30	0.00	0.00	0.00	0.00	0.00	0.00	0.00	0.00	0.00	0.00	0.00	0.00	0.00	0.00	0.00	0.00	0.00	0.00
20480101	Bou Dabbous-Tertiary Structural/Stratigraphic	 oil	32.7	 MMBO	4	0.00	0.00	0.00	28.51	34.58	21.79	10.30	3.69	1.00	0.13	0.00	0.00	0.00	0.00	0.00	0.00	0.00	0.00
20480101	Bou Dabbous-Tertiary Structural/Stratigraphic	 gas	16.4	 BCFG	24	0.00	0.00	0.00	35.24	39.02	18.38	5.91	1.33	0.13	0.00	0.00	0.00	0.00	0.00	0.00	0.00	0.00	0.00
20480201	Jurassic-Cretaceous Structural/Stratigraphic	 oil	41.7	 MMBO	1	0.00	13.66	27.38	26.12	18.13	9.53	3.81	1.15	0.21	0.00	0.00	0.00	0.00	0.00	0.00	0.00	0.00	0.00
20480201	Jurassic-Cretaceous Structural/Stratigraphic	 gas	30.9	 BCFG	6	0.00	18.42	29.94	24.93	15.57	7.49	2.77	0.78	0.10	0.00	0.00	0.00	0.00	0.00	0.00	0.00	0.00	0.00
20540101	Tanezzuft-Oued Mya Structural/Stratigraphic	 oil	34.9	 MMBO	10	0.00	0.00	0.00	0.00	50.05	33.83	11.45	3.59	0.95	0.14	0.00	0.00	0.00	0.00	0.00	0.00	0.00	0.00
20540101	Tanezzuft-Oued Mya Structural/Stratigraphic	 gas	11.1	 BCFG	60	0.00	0.00	0.00	0.00	46.70	36.29	12.31	3.69	0.91	0.10	0.00	0.00	0.00	0.00	0.00	0.00	0.00	0.00
20540201	Tanezzuft-Melrhir Structural/Stratigraphic	 oil	33.6	 MMBO	1	0.00	5.08	11.46	15.74	17.77	16.98	13.77	9.46	5.50	2.69	1.11	0.39	0.05	0.00	0.00	0.00	0.00	0.00
20540201	Tanezzuft-Melrhir Structural/Stratigraphic	 gas	16.2	 BCFG	6	0.00	3.01	12.70	21.23	23.79	19.50	11.94	5.47	1.88	0.48	0.01	0.00	0.00	0.00	0.00	0.00	0.00	0.00
20540301	Tanezzuft-Ghadames Structural/Stratigraphic	 oil	80.3	 MMBO	1	0.00	5.08	11.46	15.74	17.77	16.98	13.77	9.46	5.50	2.69	1.11	0.39	0.05	0.00	0.00	0.00	0.00	0.00
20540301	Tanezzuft-Ghadames Structural/Stratigraphic	 gas	41.8	 BCFG	6	0.00	2.98	12.67	21.26	23.85	19.54	11.93	5.44	1.86	0.47	0.00	0.00	0.00	0.00	0.00	0.00	0.00	0.00
20560101	Tanezzuft-Illizi Structural/Stratigraphic	 oil	74.6	 MMBO	10	0.00	0.00	0.00	0.00	20.86	42.50	23.93	9.44	2.72	0.56	0.00	0.00	0.00	0.00	0.00	0.00	0.00	0.00
20560101	Tanezzuft-Illizi Structural/Stratigraphic	 gas	45.3	 BCFG	60	0.00	0.00	0.00	0.00	11.68	36.31	29.01	15.35	5.82	1.59	0.26	0.00	0.00	0.00	0.00	0.00	0.00	0.00
20580101	Tanezzuft-Timimoun Structural/Stratigraphic	 oil	2.1	 MMBO	4	0.00	0.00	0.00	36.00	37.12	18.36	6.55	1.70	0.27	0.00	0.00	0.00	0.00	0.00	0.00	0.00	0.00	0.00
20580101	Tanezzuft-Timimoun Structural/Stratigraphic	 gas	10.5	 BCFG	24	0.00	0.00	0.00	36.83	35.04	18.23	7.23	2.18	0.49	0.00	0.00	0.00	0.00	0.00	0.00	0.00	0.00	0.00
20580201	Tanezzuft-Ahnet Structural/Stratigraphic	 oil	2.1	 MMBO	4	0.00	0.00	0.00	36.85	34.97	18.22	7.26	2.20	0.50	0.00	0.00	0.00	0.00	0.00	0.00	0.00	0.00	0.00
20580201	Tanezzuft-Ahnet Structural/Stratigraphic	 gas	28.3	 BCFG	24	0.00	0.00	0.00	37.76	32.67	17.93	7.96	2.81	0.78	0.10	0.00	0.00	0.00	0.00	0.00	0.00	0.00	0.00
20580301	Tanezzuft-Sbaa Structural/Stratigraphic	 oil	4.3	 MMBO	10	0.00	0.00	0.00	0.00	6.72	48.05	34.48	9.48	1.27	0.00	0.00	0.00	0.00	0.00	0.00	0.00	0.00	0.00
20580301	Tanezzuft-Sbaa Structural/Stratigraphic	 gas	4.3	 BCFG	60	0.00	0.00	0.00	0.00	64.27	23.69	7.91	2.87	0.97	0.29	0.00	0.00	0.00	0.00	0.00	0.00	0.00	0.00
20580401	Tanezzuft-Mouydir Structural/Stratigraphic	 oil	0.8	 MMBO	5	0.00	0.00	0.00	33.36	41.41	17.57	5.89	1.53	0.25	0.00	0.00	0.00	0.00	0.00	0.00	0.00	0.00	0.00
20580401	Tanezzuft-Mouydir Structural/Stratigraphic	 gas	2.6	 BCFG	30	0.00	0.00	0.00	34.29	39.22	17.55	6.53	1.95	0.45	0.00	0.00	0.00	0.00	0.00	0.00	0.00	0.00	0.00
20580501	Tanezzuft-Benoud Structural/Stratigraphic	 oil	4.1	 MMBO	4	0.00	0.00	0.00	25.18	40.12	23.48	8.74	2.18	0.30	0.00	0.00	0.00	0.00	0.00	0.00	0.00	0.00	0.00
20580501	Tanezzuft-Benoud Structural/Stratigraphic	 gas	11	 BCFG	24	0.00	0.00	0.00	19.74	28.72	23.73	15.38	7.94	3.24	1.04	0.22	0.00	0.00	0.00	0.00	0.00	0.00	0.00
20580601	Tanezzuft-Bechar/Abadla Structural/Stratigraphic	 oil	2.1	 MMBO	1	0.00	9.10	30.03	31.45	19.36	7.73	2.03	0.30	0.00	0.00	0.00	0.00	0.00	0.00	0.00	0.00	0.00	0.00
20580601	Tanezzuft-Bechar/Abadla Structural/Stratigraphic	 gas	6.1	 BCFG	6	0.00	15.00	26.52	24.77	17.65	9.87	4.32	1.48	0.39	0.00	0.00	0.00	0.00	0.00	0.00	0.00	0.00	0.00
20710101	Gulf of Suez Block-Fault Fairway	 oil	77.2	 MMBO	1	0.00	7.48	16.10	19.92	19.69	16.04	10.78	5.97	2.71	1.01	0.30	0.00	0.00	0.00	0.00	0.00	0.00	0.00
20710101	Gulf of Suez Block-Fault Fairway	 gas	11.1	 BCFG	6	0.00	7.48	16.10	19.92	19.69	16.04	10.78	5.97	2.71	1.01	0.30	0.00	0.00	0.00	0.00	0.00	0.00	0.00
20710102	Gulf of Suez Qaa Plain	 oil	4.4	 MMBO	1	0.00	4.55	15.37	22.46	22.98	17.67	10.36	4.63	1.58	0.40	0.00	0.00	0.00	0.00	0.00	0.00	0.00	0.00
20710102	Gulf of Suez Qaa Plain	 gas	0	 BCFG	6	0.00	0.00	0.00	0.00	0.00	0.00	0.00	0.00	0.00	0.00	0.00	0.00	0.00	0.00	0.00	0.00	0.00	0.00
20710103	Southern Gulf of Suez	 oil	13.5	 MMBO	1	0.00	3.19	12.58	20.60	23.16	19.39	12.31	5.94	2.18	0.61	0.05	0.00	0.00	0.00	0.00	0.00	0.00	0.00
20710103	Southern Gulf of Suez	 gas	27.8	 BCFG	6	0.00	3.19	12.58	20.60	23.16	19.39	12.31	5.94	2.18	0.61	0.05	0.00	0.00	0.00	0.00	0.00	0.00	0.00
20710201	Red Sea Coastal Block Faults	 oil	126.6	 MMBO	1	0.00	6.85	19.03	24.16	22.01	15.26	8.12	3.32	1.04	0.20	0.00	0.00	0.00	0.00	0.00	0.00	0.00	0.00
20710201	Red Sea Coastal Block Faults	 gas	201.6	 BCFG	6	0.00	12.84	17.73	18.43	16.90	13.61	9.56	5.82	3.06	1.38	0.54	0.15	0.00	0.00	0.00	0.00	0.00	0.00
20710202	Red Sea Salt Basin	 oil	18.4	 MMBO	10	0.00	0.00	0.00	0.00	54.94	29.24	10.47	3.79	1.22	0.33	0.00	0.00	0.00	0.00	0.00	0.00	0.00	0.00
20710202	Red Sea Salt Basin	 gas	36.6	 BCFG	60	0.00	0.00	0.00	0.00	55.20	30.22	10.10	3.33	0.96	0.19	0.00	0.00	0.00	0.00	0.00	0.00	0.00	0.00
31150101	Upper Paleozoic/Lower Mesozoic Nonmarine Coarse Clastic	 oil	16.4	 MMBO	5	0.00	0.00	0.00	4.75	32.66	35.55	19.35	6.32	1.28	0.07	0.00	0.00	0.00	0.00	0.00	0.00	0.00	0.00
31150101	Upper Paleozoic/Lower Mesozoic Nonmarine Coarse Clastic	 gas	0	 BCFG	30	0.00	0.00	0.00	0.00	0.00	0.00	0.00	0.00	0.00	0.00	0.00	0.00	0.00	0.00	0.00	0.00	0.00	0.00
31150201	Jurassic/Tertiary Fluvial and Lacustrine Sandstone	 oil	6.5	 MMBO	5	0.00	0.00	0.00	33.36	41.41	17.57	5.88	1.52	0.25	0.00	0.00	0.00	0.00	0.00	0.00	0.00	0.00	0.00
31150201	Jurassic/Tertiary Fluvial and Lacustrine Sandstone	 gas	10.2	 BCFG	30	0.00	0.00	0.00	33.36	41.41	17.57	5.88	1.52	0.25	0.00	0.00	0.00	0.00	0.00	0.00	0.00	0.00	0.00
31270101	Tertiary Lacustrine	 oil	65.7	 MMBO	5	0.00	0.00	0.00	13.16	31.81	26.25	16.45	8.11	3.13	0.93	0.16	0.00	0.00	0.00	0.00	0.00	0.00	0.00
31270101	Tertiary Lacustrine	 gas	24.2	 BCFG	30	0.00	0.00	0.00	22.00	36.38	23.02	11.77	4.85	1.59	0.40	0.00	0.00	0.00	0.00	0.00	0.00	0.00	0.00
31270102	Pre-Tertiary Buried Hills	 oil	32.2	 MMBO	5	0.00	0.00	0.00	1.17	13.11	26.30	28.01	19.21	8.86	2.77	0.58	0.00	0.00	0.00	0.00	0.00	0.00	0.00
31270102	Pre-Tertiary Buried Hills	 gas	16.4	 BCFG	30	0.00	0.00	0.00	22.00	36.38	23.02	11.77	4.85	1.59	0.40	0.00	0.00	0.00	0.00	0.00	0.00	0.00	0.00
31280101	Jurassic/Triassic Fluvial and Lacustrine Sandstone	 oil	21.5	 MMBO	2	0.00	0.00	32.60	45.49	17.71	3.79	0.41	0.00	0.00	0.00	0.00	0.00	0.00	0.00	0.00	0.00	0.00	0.00
31280101	Jurassic/Triassic Fluvial and Lacustrine Sandstone	 gas	0	 BCFG	12	0.00	0.00	0.00	0.00	0.00	0.00	0.00	0.00	0.00	0.00	0.00	0.00	0.00	0.00	0.00	0.00	0.00	0.00
31420101	Southeastern Fold Belt	 oil	0	 MMBO	1	0.00	0.00	0.00	0.00	0.00	0.00	0.00	0.00	0.00	0.00	0.00	0.00	0.00	0.00	0.00	0.00	0.00	0.00
31420101	Southeastern Fold Belt	 gas	72.2	 BCFG	6	0.00	15.00	26.52	24.77	17.65	9.87	4.32	1.48	0.38	0.00	0.00	0.00	0.00	0.00	0.00	0.00	0.00	0.00
31420102	Northwestern Depression/Foldbelt	 oil	0	 MMBO	1	0.00	0.00	0.00	0.00	0.00	0.00	0.00	0.00	0.00	0.00	0.00	0.00	0.00	0.00	0.00	0.00	0.00	0.00
31420102	Northwestern Depression/Foldbelt	 gas	21.5	 BCFG	6	0.00	12.50	23.91	24.31	18.95	11.69	5.70	2.19	0.66	0.09	0.00	0.00	0.00	0.00	0.00	0.00	0.00	0.00
31420201	Jurassic Lacustrine	 oil	10.8	 MMBO	1	0.00	50.05	37.59	10.40	1.83	0.12	0.00	0.00	0.00	0.00	0.00	0.00	0.00	0.00	0.00	0.00	0.00	0.00
31420201	Jurassic Lacustrine	 gas	0	 BCFG	6	0.00	0.00	0.00	0.00	0.00	0.00	0.00	0.00	0.00	0.00	0.00	0.00	0.00	0.00	0.00	0.00	0.00	0.00
31420401	Leshan-Longnusi Paleohigh	 oil	0	 MMBO	3	0.00	0.00	0.00	0.00	0.00	0.00	0.00	0.00	0.00	0.00	0.00	0.00	0.00	0.00	0.00	0.00	0.00	0.00
31420401	Leshan-Longnusi Paleohigh	 gas	21.4	 BCFG	18	0.00	0.00	8.68	32.06	26.08	17.26	9.52	4.31	1.59	0.47	0.04	0.00	0.00	0.00	0.00	0.00	0.00	0.00
31420402	Lower Paleozoic of Southeastern Fold Belt	 oil	0	 MMBO	3	0.00	0.00	0.00	0.00	0.00	0.00	0.00	0.00	0.00	0.00	0.00	0.00	0.00	0.00	0.00	0.00	0.00	0.00
31420402	Lower Paleozoic of Southeastern Fold Belt	 gas	15	 BCFG	18	0.00	0.00	8.88	39.09	28.46	15.03	6.15	1.93	0.45	0.00	0.00	0.00	0.00	0.00	0.00	0.00	0.00	0.00
31440101	Subtle Traps	 oil	30	 MMBO	5	0.00	0.00	0.00	1.42	32.25	45.24	18.08	2.90	0.11	0.00	0.00	0.00	0.00	0.00	0.00	0.00	0.00	0.00
31440101	Subtle Traps	 gas	21.7	 BCFG	30	0.00	0.00	0.00	26.52	56.96	14.72	1.78	0.02	0.00	0.00	0.00	0.00	0.00	0.00	0.00	0.00	0.00	0.00
31440102	Anticlinal	 oil	15	 MMBO	5	0.00	0.00	0.00	8.21	46.22	33.10	10.55	1.83	0.09	0.00	0.00	0.00	0.00	0.00	0.00	0.00	0.00	0.00
31440102	Anticlinal	 gas	11.8	 BCFG	30	0.00	0.00	0.00	58.37	37.32	4.11	0.21	0.00	0.00	0.00	0.00	0.00	0.00	0.00	0.00	0.00	0.00	0.00
31440201	Structural Traps	 oil	0	 MMBO	5	0.00	0.00	0.00	0.00	0.00	0.00	0.00	0.00	0.00	0.00	0.00	0.00	0.00	0.00	0.00	0.00	0.00	0.00
31440201	Stractural Traps	 gas	31.3	 BCFG	30	0.00	0.00	0.00	17.84	47.23	25.15	7.98	1.65	0.14	0.00	0.00	0.00	0.00	0.00	0.00	0.00	0.00	0.00
31540101	Tarim Basin Excluding Marginal Foldbelts	 oil	55.7	 MMBO	10	0.00	0.00	0.00	0.00	6.68	25.17	27.59	21.03	12.08	5.27	1.74	0.43	0.00	0.00	0.00	0.00	0.00	0.00
31540101	Tarim Basin Excluding Marginal Foldbelts	 gas	44.2	 BCFG	60	0.00	0.00	0.00	0.00	6.68	25.17	27.59	21.03	12.08	5.28	1.74	0.43	0.00	0.00	0.00	0.00	0.00	0.00
31540102	Kuche (Northern) Foldbelt	 oil	3	 MMBO	10	0.00	0.00	0.00	0.00	33.36	41.41	17.57	5.88	1.52	0.25	0.00	0.00	0.00	0.00	0.00	0.00	0.00	0.00
31540102	Kuche (Northern) Foldbelt	 gas	21.7	 BCFG	60	0.00	0.00	0.00	0.00	4.07	25.10	31.74	23.14	11.27	3.76	0.86	0.05	0.00	0.00	0.00	0.00	0.00	0.00
31540103	Southwest Foldbelt	 oil	8.6	 MMBO	10	0.00	0.00	0.00	0.00	10.86	34.78	29.17	16.31	6.58	1.93	0.37	0.00	0.00	0.00	0.00	0.00	0.00	0.00
31540103	Southwest Foldbelt	 gas	19.3	 BCFG	60	0.00	0.00	0.00	0.00	10.86	34.78	29.17	16.31	6.58	1.93	0.37	0.00	0.00	0.00	0.00	0.00	0.00	0.00
37010101	Brunei-Sabah Deltaics	 oil	159.2	 MMBO	1	0.00	26.42	23.63	18.70	13.58	8.78	4.97	2.44	1.03	0.38	0.06	0.00	0.00	0.00	0.00	0.00	0.00	0.00
37010101	Brunei-Sabah Deltaics	 gas	86.4	 BCFG	6	0.00	16.56	21.36	20.19	16.62	11.84	7.23	3.76	1.66	0.62	0.16	0.00	0.00	0.00	0.00	0.00	0.00	0.00
37010102	Brunei-Sabah Turbidites	 oil	30.5	 MMBO	5	0.00	0.00	0.00	11.80	29.20	25.81	17.62	9.60	4.16	1.42	0.38	0.00	0.00	0.00	0.00	0.00	0.00	0.00
37010102	Brunei-Sabah Turbidites	 gas	15.2	 BCFG	30	0.00	0.00	0.00	11.80	29.20	25.81	17.62	9.61	4.16	1.42	0.38	0.00	0.00	0.00	0.00	0.00	0.00	0.00
37020101	Central Luconia	 oil	0	 MMBO	5	0.00	0.00	0.00	0.00	0.00	0.00	0.00	0.00	0.00	0.00	0.00	0.00	0.00	0.00	0.00	0.00	0.00	0.00
37020101	Central Luconia	 gas	63.3	 BCFG	30	0.00	0.00	0.00	9.71	29.14	27.38	18.64	9.76	3.93	1.21	0.24	0.00	0.00	0.00	0.00	0.00	0.00	0.00
37020102	Balingian	 oil	55.1	 MMBO	1	0.00	13.66	27.38	26.12	18.13	9.53	3.81	1.15	0.21	0.00	0.00	0.00	0.00	0.00	0.00	0.00	0.00	0.00
37020102	Balingian	 gas	32.4	 BCFG	6	0.00	23.15	35.54	24.36	11.72	4.09	1.03	0.11	0.00	0.00	0.00	0.00	0.00	0.00	0.00	0.00	0.00	0.00
37020201	East Natuna	 oil	4.3	 MMBO	5	0.00	0.00	0.00	18.48	38.08	25.05	12.26	4.59	1.31	0.23	0.00	0.00	0.00	0.00	0.00	0.00	0.00	0.00
37020201	East Natuna	 gas	10.2	 BCFG	30	0.00	0.00	0.00	13.15	34.96	27.51	15.40	6.47	2.04	0.47	0.00	0.00	0.00	0.00	0.00	0.00	0.00	0.00
37030101	South Malay Lacustrine	 oil	32.8	 MMBO	5	0.00	0.00	0.00	6.42	32.09	32.62	19.17	7.45	1.95	0.29	0.00	0.00	0.00	0.00	0.00	0.00	0.00	0.00
37030101	South Malay Lacustrine	 gas	53.3	 BCFG	30	0.00	0.00	0.00	4.15	21.53	28.05	23.45	14.11	6.23	2.02	0.47	0.00	0.00	0.00	0.00	0.00	0.00	0.00
37030102	North Malay Lacustrine	 oil	4.3	 MMBO	5	0.00	0.00	0.00	4.75	32.66	35.55	19.35	6.33	1.28	0.07	0.00	0.00	0.00	0.00	0.00	0.00	0.00	0.00
37030102	North Malay Lacustrine	 gas	8.7	 BCFG	30	0.00	0.00	0.00	6.82	40.66	34.75	14.11	3.28	0.39	0.00	0.00	0.00	0.00	0.00	0.00	0.00	0.00	0.00
37030201	South Malay Coaly	 oil	10.2	 MMBO	5	0.00	0.00	0.00	50.05	39.92	8.57	1.38	0.07	0.00	0.00	0.00	0.00	0.00	0.00	0.00	0.00	0.00	0.00
37030201	South Malay Coaly	 gas	21.5	 BCFG	30	0.00	0.00	0.00	10.44	37.44	30.34	15.20	5.22	1.24	0.12	0.00	0.00	0.00	0.00	0.00	0.00	0.00	0.00
38080101	Pematang/Sihapas Siliciclastics	 oil	86.5	 MMBO	1	0.00	15.00	26.52	24.77	17.65	9.87	4.32	1.48	0.38	0.00	0.00	0.00	0.00	0.00	0.00	0.00	0.00	0.00
38080101	Pematang/Sihapas Siliciclastics	 gas	21.1	 BCFG	6	0.00	0.48	5.49	16.44	26.01	25.66	16.54	7.06	2.00	0.33	0.00	0.00	0.00	0.00	0.00	0.00	0.00	0.00
38170101	Kutei Basin Deltaics	 oil	76.5	 MMBO	1	0.00	20.67	22.63	19.71	15.31	10.44	6.16	3.12	1.35	0.50	0.11	0.00	0.00	0.00	0.00	0.00	0.00	0.00
38170101	Kutei Basin Deltaics	 gas	114.3	 BCFG	6	0.00	9.01	14.64	16.96	17.10	15.07	11.57	7.70	4.43	2.19	0.93	0.34	0.05	0.00	0.00	0.00	0.00	0.00
38170102	Kutei Basin Turbidites	 oil	36.2	 MMBO	5	0.00	0.00	0.00	4.40	16.69	21.80	21.33	16.72	10.59	5.40	2.21	0.72	0.14	0.00	0.00	0.00	0.00	0.00
38170102	Kutei Basin Turbidites	 gas	26.5	 BCFG	30	0.00	0.00	0.00	4.40	16.69	21.80	21.33	16.72	10.59	5.40	2.21	0.72	0.14	0.00	0.00	0.00	0.00	0.00
38170103	Kutei Basin Fold and Thrust Belt	 oil	13.4	 MMBO	5	0.00	0.00	0.00	23.15	36.34	22.49	11.40	4.69	1.54	0.39	0.00	0.00	0.00	0.00	0.00	0.00	0.00	0.00
38170103	Kutei Basin Fold and Thrust Belt	 gas	16.7	 BCFG	30	0.00	0.00	0.00	22.00	36.38	23.02	11.77	4.85	1.59	0.40	0.00	0.00	0.00	0.00	0.00	0.00	0.00	0.00
38220101	North Sumatra	 oil	21.1	 MMBO	1	0.00	29.18	33.48	21.37	10.54	4.03	1.18	0.21	0.00	0.00	0.00	0.00	0.00	0.00	0.00	0.00	0.00	0.00
38220101	North Sumatra	 gas	62.7	 BCFG	6	0.00	5.74	15.79	21.35	21.49	16.98	10.62	5.25	2.05	0.63	0.09	0.00	0.00	0.00	0.00	0.00	0.00	0.00
38220102	Mergui	 oil	6.2	 MMBO	5	0.00	0.00	0.00	34.97	37.60	17.46	7.00	2.31	0.61	0.05	0.00	0.00	0.00	0.00	0.00	0.00	0.00	0.00
38220102	Mergui	 gas	23.9	 BCFG	30	0.00	0.00	0.00	18.79	29.73	22.36	14.70	8.30	3.96	1.57	0.52	0.08	0.00	0.00	0.00	0.00	0.00	0.00
38240101	Sunda/Asri	 oil	41.4	 MMBO	1	0.00	16.05	25.83	23.76	17.26	10.08	4.71	1.75	0.52	0.05	0.00	0.00	0.00	0.00	0.00	0.00	0.00	0.00
38240101	Sunda/Asri	 gas	13	 BCFG	6	0.00	17.77	30.55	25.53	15.64	7.25	2.54	0.67	0.05	0.00	0.00	0.00	0.00	0.00	0.00	0.00	0.00	0.00
38240201	Ardjuna	 oil	26.2	 MMBO	1	0.00	19.25	30.80	24.90	15.00	6.92	2.43	0.65	0.05	0.00	0.00	0.00	0.00	0.00	0.00	0.00	0.00	0.00
38240201	Ardjuna	 gas	52.1	 BCFG	6	0.00	3.83	14.98	23.21	24.03	18.11	10.11	4.20	1.29	0.25	0.00	0.00	0.00	0.00	0.00	0.00	0.00	0.00
38280101	South Sumatra	 oil	52.5	 MMBO	1	0.00	22.14	27.91	22.35	14.67	7.90	3.46	1.22	0.34	0.00	0.00	0.00	0.00	0.00	0.00	0.00	0.00	0.00
38280101	South Sumatra	 gas	103	 BCFG	6	0.00	7.48	16.10	19.92	19.69	16.04	10.78	5.97	2.71	1.01	0.30	0.00	0.00	0.00	0.00	0.00	0.00	0.00
39100101	Barnett	 oil	10.8	 MMBO	3	0.00	0.00	1.11	33.55	42.08	18.62	4.20	0.45	0.00	0.00	0.00	0.00	0.00	0.00	0.00	0.00	0.00	0.00
39100101	Barnett	 gas	10.8	 BCFG	18	0.00	0.00	1.11	33.55	42.08	18.62	4.20	0.45	0.00	0.00	0.00	0.00	0.00	0.00	0.00	0.00	0.00	0.00
39100201	Petrel	 oil	0	 MMBO	10	0.00	0.00	0.00	0.00	0.00	0.00	0.00	0.00	0.00	0.00	0.00	0.00	0.00	0.00	0.00	0.00	0.00	0.00
39100201	Petrel	 gas	21.5	 BCFG	60	0.00	0.00	0.00	0.00	5.74	30.79	32.91	20.05	8.02	2.16	0.34	0.00	0.00	0.00	0.00	0.00	0.00	0.00
39100202	Vulcan Graben	 oil	0	 MMBO	10	0.00	0.00	0.00	0.00	0.00	0.00	0.00	0.00	0.00	0.00	0.00	0.00	0.00	0.00	0.00	0.00	0.00	0.00
39100202	Vulcan Graben	 gas	7	 BCFG	60	0.00	0.00	0.00	0.00	5.74	30.79	32.91	20.05	8.02	2.16	0.34	0.00	0.00	0.00	0.00	0.00	0.00	0.00
39100301	Malita	 oil	21.7	 MMBO	10	0.00	0.00	0.00	0.00	17.03	36.03	25.44	13.60	5.65	1.81	0.44	0.00	0.00	0.00	0.00	0.00	0.00	0.00
39100301	Malita	 gas	21.7	 BCFG	60	0.00	0.00	0.00	0.00	16.26	32.09	24.58	15.16	7.62	3.08	0.99	0.21	0.00	0.00	0.00	0.00	0.00	0.00
39130101	Late Jurassic/Early Cretaceous-Mesozoic	 oil	14.1	 MMBO	15	0.00	0.00	0.00	0.00	5.70	47.27	22.63	12.57	6.68	3.20	1.35	0.49	0.11	0.00	0.00	0.00	0.00	0.00
39130101	Late Jurassic/Early Cretaceous-Mesozoic	 gas	30.4	 BCFG	90	0.00	0.00	0.00	0.00	4.87	43.46	22.97	13.78	7.90	4.11	1.89	0.75	0.26	0.00	0.00	0.00	0.00	0.00
39300101	Gippsland	 oil	31.9	 MMBO	1	0.00	0.00	27.68	35.95	22.27	9.96	3.29	0.79	0.06	0.00	0.00	0.00	0.00	0.00	0.00	0.00	0.00	0.00
39300101	Gippsland	 gas	38.7	 BCFG	6	0.00	0.00	15.00	26.52	24.77	17.65	9.87	4.32	1.48	0.38	0.00	0.00	0.00	0.00	0.00	0.00	0.00	0.00
39480101	Dingo-Mungaroo/Barrow	 oil	80	 MMBO	1	0.00	1.93	9.92	19.05	23.75	21.26	14.03	6.86	2.48	0.66	0.05	0.00	0.00	0.00	0.00	0.00	0.00	0.00
39480101	Dingo-Mungaroo/Barrow	 gas	115.8	 BCFG	6	0.00	0.32	2.80	8.41	15.86	21.35	21.29	15.89	8.91	3.75	1.19	0.24	0.00	0.00	0.00	0.00	0.00	0.00
39480201	Locker-Mungaroo/Barrow	 oil	4.3	 MMBO	15	0.00	0.00	0.00	0.00	0.74	70.63	24.11	4.11	0.41	0.00	0.00	0.00	0.00	0.00	0.00	0.00	0.00	0.00
39480201	Locker-Mungaroo/Barrow	 gas	23.2	 BCFG	90	0.00	0.00	0.00	0.00	9.86	51.89	19.67	9.96	4.99	2.30	0.95	0.34	0.05	0.00	0.00	0.00	0.00	0.00
40170101	Halten Terrace-Trondelag Platform	 oil	38.6	 MMBO	10	0.00	0.00	0.00	0.00	0.77	10.06	23.12	27.92	21.68	11.35	4.05	0.98	0.08	0.00	0.00	0.00	0.00	0.00
40170101	Halten Terrace-Trondelag Platform	 gas	38.6	 BCFG	60	0.00	0.00	0.00	0.00	0.59	8.91	22.26	28.26	22.60	12.00	4.28	1.03	0.08	0.00	0.00	0.00	0.00	0.00
40170102	Mid-Norway Continental Margin	 oil	3.2	 MMBO	20	0.00	0.00	0.00	0.00	0.00	3.75	32.86	37.69	19.31	5.50	0.90	0.00	0.00	0.00	0.00	0.00	0.00	0.00
40170102	Mid-Norway Continental Margin	 gas	33.4	 BCFG	120	0.00	0.00	0.00	0.00	0.00	6.61	16.86	19.27	18.58	15.42	10.98	6.66	3.43	1.50	0.55	0.13	0.00	0.00
40250101	Viking Graben	 oil	164.3	 MMBO	2	0.00	0.00	8.82	18.13	21.25	19.78	15.06	9.39	4.78	1.98	0.67	0.13	0.00	0.00	0.00	0.00	0.00	0.00
40250101	Viking Graben	 gas	65	 BCFG	12	0.00	0.00	7.24	18.43	23.02	21.37	15.47	8.80	3.93	1.37	0.37	0.00	0.00	0.00	0.00	0.00	0.00	0.00
40250102	Moray Firth	 oil	49.3	 MMBO	2	0.00	0.00	13.66	27.38	26.12	18.13	9.53	3.81	1.15	0.21	0.00	0.00	0.00	0.00	0.00	0.00	0.00	0.00
40250102	Moray Firth	 gas	15.3	 BCFG	12	0.00	0.00	8.15	39.29	35.80	13.87	2.70	0.19	0.00	0.00	0.00	0.00	0.00	0.00	0.00	0.00	0.00	0.00
40250103	Central Graben	 oil	134.4	 MMBO	2	0.00	0.00	9.14	19.99	23.03	20.34	14.29	8.02	3.58	1.27	0.35	0.00	0.00	0.00	0.00	0.00	0.00	0.00
40250103	Central Graben	 gas	65	 BCFG	12	0.00	0.00	12.50	23.91	24.31	18.95	11.69	5.70	2.19	0.66	0.09	0.00	0.00	0.00	0.00	0.00	0.00	0.00
40360101	Southern Permian Basin-U.K. Onshore	 oil	3.2	 MMBO	1	0.00	50.05	45.99	3.96	0.00	0.00	0.00	0.00	0.00	0.00	0.00	0.00	0.00	0.00	0.00	0.00	0.00	0.00
40360101	Southern Permian Basin-U.K. Onshore	 gas	2.1	 BCFG	6	0.00	75.86	23.77	0.37	0.00	0.00	0.00	0.00	0.00	0.00	0.00	0.00	0.00	0.00	0.00	0.00	0.00	0.00
40360102	Southern Permian Basin-Europe Onshore	 oil	10.8	 MMBO	1	0.00	5.58	31.52	36.95	19.59	5.52	0.84	0.00	0.00	0.00	0.00	0.00	0.00	0.00	0.00	0.00	0.00	0.00
40360102	Southern Permian Basin-Europe Onshore	 gas	154.4	 BCFG	6	0.00	18.76	23.98	21.32	16.15	10.39	5.62	2.54	0.95	0.29	0.00	0.00	0.00	0.00	0.00	0.00	0.00	0.00
40360103	Southern Permian Basin-Offshore	 oil	11.1	 MMBO	4	0.00	0.00	0.00	92.12	7.39	0.48	0.00	0.00	0.00	0.00	0.00	0.00	0.00	0.00	0.00	0.00	0.00	0.00
40360103	Southern Permian Basin-Offshore	 gas	223.8	 BCFG	24	0.00	0.00	0.00	68.05	20.68	7.60	2.67	0.82	0.17	0.00	0.00	0.00	0.00	0.00	0.00	0.00	0.00	0.00
40470101	Foreland Basin	 oil	0	 MMBO	1	0.00	0.00	0.00	0.00	0.00	0.00	0.00	0.00	0.00	0.00	0.00	0.00	0.00	0.00	0.00	0.00	0.00	0.00
40470101	Foreland Basin	 gas	75.9	 BCFG	6	0.00	21.66	37.60	25.37	11.22	3.42	0.72	0.01	0.00	0.00	0.00	0.00	0.00	0.00	0.00	0.00	0.00	0.00
40470201	Deformed Belt	 oil	64.8	 MMBO	1	0.00	29.18	33.48	21.37	10.54	4.03	1.18	0.21	0.00	0.00	0.00	0.00	0.00	0.00	0.00	0.00	0.00	0.00
40470201	Deformed Belt	 gas	53.8	 BCFG	6	0.00	37.05	34.48	18.17	7.41	2.32	0.55	0.01	0.00	0.00	0.00	0.00	0.00	0.00	0.00	0.00	0.00	0.00
40470301	Paleozoic Reservoirs	 oil	10.8	 MMBO	1	0.00	25.18	40.12	23.48	8.74	2.18	0.31	0.00	0.00	0.00	0.00	0.00	0.00	0.00	0.00	0.00	0.00	0.00
40470301	Paleozoic Reservoirs	 gas	10.8	 BCFG	6	0.00	25.18	40.12	23.48	8.74	2.18	0.31	0.00	0.00	0.00	0.00	0.00	0.00	0.00	0.00	0.00	0.00	0.00
40480101	Greater Hungarian Plain Basins	 oil	52.1	 MMBO	1	0.00	36.00	37.12	18.36	6.55	1.70	0.26	0.00	0.00	0.00	0.00	0.00	0.00	0.00	0.00	0.00	0.00	0.00
40480101	Greater Hungarian Plain Basins	 gas	67.2	 BCFG	6	0.00	23.15	35.54	24.36	11.72	4.09	1.03	0.11	0.00	0.00	0.00	0.00	0.00	0.00	0.00	0.00	0.00	0.00
40480201	Zala-Drava-Sava Basins	 oil	26.2	 MMBO	1	0.00	25.18	40.12	23.48	8.74	2.18	0.31	0.00	0.00	0.00	0.00	0.00	0.00	0.00	0.00	0.00	0.00	0.00
40480201	Zala-Drava-Sava Basins	 gas	31.7	 BCFG	6	0.00	23.15	35.54	24.36	11.72	4.09	1.03	0.11	0.00	0.00	0.00	0.00	0.00	0.00	0.00	0.00	0.00	0.00
40480301	Danube Basin	 oil	0	 MMBO	1	0.00	0.00	0.00	0.00	0.00	0.00	0.00	0.00	0.00	0.00	0.00	0.00	0.00	0.00	0.00	0.00	0.00	0.00
40480301	Danube Basin	 gas	5.1	 BCFG	6	0.00	19.51	40.62	26.72	10.30	2.52	0.33	0.00	0.00	0.00	0.00	0.00	0.00	0.00	0.00	0.00	0.00	0.00
40480401	Transcarpathian Basin	 oil	0	 MMBO	1	0.00	0.00	0.00	0.00	0.00	0.00	0.00	0.00	0.00	0.00	0.00	0.00	0.00	0.00	0.00	0.00	0.00	0.00
40480401	Transcarpathian Basin	 gas	4.3	 BCFG	6	0.00	15.98	45.70	28.58	8.40	1.32	0.02	0.00	0.00	0.00	0.00	0.00	0.00	0.00	0.00	0.00	0.00	0.00
40480601	Hungarian Paleogene Basin	 oil	9.9	 MMBO	1	0.00	28.03	35.37	22.07	10.11	3.46	0.88	0.09	0.00	0.00	0.00	0.00	0.00	0.00	0.00	0.00	0.00	0.00
40480601	Hungarian Paleogene Basin	 gas	9.9	 BCFG	6	0.00	19.51	40.62	26.72	10.30	2.52	0.33	0.00	0.00	0.00	0.00	0.00	0.00	0.00	0.00	0.00	0.00	0.00
40570101	Transylvanian Neogene Suprasalt Gas	 oil	0	 MMBO	1	0.00	0.00	0.00	0.00	0.00	0.00	0.00	0.00	0.00	0.00	0.00	0.00	0.00	0.00	0.00	0.00	0.00	0.00
40570101	Transylvanian Neogene Suprasalt Gas	 gas	47.4	 BCFG	6	0.00	32.89	27.42	18.66	11.28	5.89	2.60	0.96	0.29	0.00	0.00	0.00	0.00	0.00	0.00	0.00	0.00	0.00
40600101	Neogene Flysch Gas	 oil	0	 MMBO	1	0.00	0.00	0.00	0.00	0.00	0.00	0.00	0.00	0.00	0.00	0.00	0.00	0.00	0.00	0.00	0.00	0.00	0.00
40600101	Neogene Flysch Gas	 gas	233.9	 BCFG	6	0.00	16.64	25.43	23.21	17.03	10.17	4.92	1.92	0.60	0.08	0.00	0.00	0.00	0.00	0.00	0.00	0.00	0.00
40600201	Thermal Triassic	 oil	11.1	 MMBO	2	0.00	0.00	8.01	20.10	24.16	21.29	14.48	7.64	3.13	0.99	0.19	0.00	0.00	0.00	0.00	0.00	0.00	0.00
40600201	Thermal Triassic	 gas	5.5	 BCFG	12	0.00	0.00	5.64	20.00	26.92	23.60	14.66	6.57	2.12	0.49	0.00	0.00	0.00	0.00	0.00	0.00	0.00	0.00
40610101	Moesian Platform	 oil	37.4	 MMBO	1	0.00	26.37	38.14	22.95	9.35	2.68	0.52	0.00	0.00	0.00	0.00	0.00	0.00	0.00	0.00	0.00	0.00	0.00
40610101	Moesian Platform	 gas	13	 BCFG	6	0.00	26.37	38.14	22.95	9.35	2.68	0.52	0.00	0.00	0.00	0.00	0.00	0.00	0.00	0.00	0.00	0.00	0.00
40610201	Romania Flysch Zone	 oil	63.8	 MMBO	1	0.00	4.79	25.09	33.80	23.63	9.84	2.51	0.34	0.00	0.00	0.00	0.00	0.00	0.00	0.00	0.00	0.00	0.00
40610201	Romania Flysch Zone	 gas	38.7	 BCFG	6	0.00	6.30	31.28	35.67	19.63	6.04	1.07	0.02	0.00	0.00	0.00	0.00	0.00	0.00	0.00	0.00	0.00	0.00
40610202	Romania Ploiesti Zone	 oil	14.2	 MMBO	1	0.00	3.67	14.88	23.38	24.28	18.20	10.05	4.09	1.23	0.22	0.00	0.00	0.00	0.00	0.00	0.00	0.00	0.00
40610202	Romania Ploiesti Zone	 gas	3	 BCFG	6	0.00	2.02	31.54	46.12	17.88	2.41	0.02	0.00	0.00	0.00	0.00	0.00	0.00	0.00	0.00	0.00	0.00	0.00
40680101	Subsalt	 oil	3.9	 MMBO	20	0.00	0.00	0.00	0.00	0.00	26.09	34.54	20.96	11.07	4.93	1.81	0.54	0.06	0.00	0.00	0.00	0.00	0.00
40680101	Subsalt	 gas	37.8	 BCFG	120	0.00	0.00	0.00	0.00	0.00	8.72	24.74	25.11	19.59	12.27	6.17	2.47	0.79	0.14	0.00	0.00	0.00	0.00
52000101	Northeast Greenland Shelf Rift Systems	 oil	250.2	 MMBO	20	0.00	0.00	0.00	0.00	0.00	15.86	25.04	20.98	15.95	10.73	6.29	3.17	1.37	0.50	0.11	0.00	0.00	0.00
52000101	Northeast Greenland Shelf Rift Systems	 gas	50.2	 BCFG	120	0.00	0.00	0.00	0.00	0.00	9.71	29.14	27.38	18.64	9.76	3.93	1.21	0.24	0.00	0.00	0.00	0.00	0.00
52150101	Jeanne d'Arc	 oil	29.7	 MMBO	10	0.00	0.00	0.00	0.00	6.04	32.24	33.24	19.23	7.22	1.80	0.23	0.00	0.00	0.00	0.00	0.00	0.00	0.00
52150101	Jeanne d'Arc	 gas	5.4	 BCFG	60	0.00	0.00	0.00	0.00	3.59	43.35	39.85	11.73	1.48	0.00	0.00	0.00	0.00	0.00	0.00	0.00	0.00	0.00
52430101	Keg River Gas	 oil	0	 MMBO	0.5	0.00	0.00	0.00	0.00	0.00	0.00	0.00	0.00	0.00	0.00	0.00	0.00	0.00	0.00	0.00	0.00	0.00	0.00
52430101	Keg River Gas	 gas	63.3	 BCFG	3	34.32	33.68	19.31	8.70	3.06	0.83	0.10	0.00	0.00	0.00	0.00	0.00	0.00	0.00	0.00	0.00	0.00	0.00
52430102	Keg River Oil and Gas	 oil	43.3	 MMBO	0.5	50.05	27.03	13.48	6.11	2.39	0.78	0.17	0.00	0.00	0.00	0.00	0.00	0.00	0.00	0.00	0.00	0.00	0.00
52430102	Keg River Oil and Gas	 gas	51.5	 BCFG	3	35.95	30.22	18.38	9.51	4.09	1.43	0.40	0.01	0.00	0.00	0.00	0.00	0.00	0.00	0.00	0.00	0.00	0.00
52430201	Leduc Gas	 oil	0	 MMBO	0.5	0.00	0.00	0.00	0.00	0.00	0.00	0.00	0.00	0.00	0.00	0.00	0.00	0.00	0.00	0.00	0.00	0.00	0.00
52430201	Leduc Gas	 gas	103	 BCFG	3	28.78	27.88	20.05	12.46	6.57	2.89	1.05	0.31	0.00	0.00	0.00	0.00	0.00	0.00	0.00	0.00	0.00	0.00
52430202	Leduc Oil and Gas	 oil	183.1	 MMBO	0.5	18.41	37.01	27.13	12.61	3.96	0.84	0.03	0.00	0.00	0.00	0.00	0.00	0.00	0.00	0.00	0.00	0.00	0.00
52430202	Leduc Oil and Gas	 gas	26.2	 BCFG	3	40.30	35.43	16.61	5.86	1.55	0.25	0.00	0.00	0.00	0.00	0.00	0.00	0.00	0.00	0.00	0.00	0.00	0.00
52430301	Exshaw-Rundle Gas	 oil	0	 MMBO	0.5	0.00	0.00	0.00	0.00	0.00	0.00	0.00	0.00	0.00	0.00	0.00	0.00	0.00	0.00	0.00	0.00	0.00	0.00
52430301	Exshaw-Rundle Gas	 gas	108.1	 BCFG	3	37.66	26.56	17.07	10.05	5.20	2.31	0.88	0.27	0.00	0.00	0.00	0.00	0.00	0.00	0.00	0.00	0.00	0.00
52430302	Exshaw-Rundle Oil and Gas	 oil	97.2	 MMBO	0.5	64.07	23.09	8.71	3.04	0.91	0.18	0.00	0.00	0.00	0.00	0.00	0.00	0.00	0.00	0.00	0.00	0.00	0.00
52430302	Exshaw-Rundle Oil and Gas	 gas	65.1	 BCFG	3	65.49	27.55	5.99	0.95	0.02	0.00	0.00	0.00	0.00	0.00	0.00	0.00	0.00	0.00	0.00	0.00	0.00	0.00
52430401	Combined Triassic/Jurassic Gas	 oil	0	 MMBO	0.5	0.00	0.00	0.00	0.00	0.00	0.00	0.00	0.00	0.00	0.00	0.00	0.00	0.00	0.00	0.00	0.00	0.00	0.00
52430401	Combined Triassic/Jurassic Gas	 gas	84.4	 BCFG	3	35.52	31.13	18.66	9.32	3.81	1.25	0.31	0.00	0.00	0.00	0.00	0.00	0.00	0.00	0.00	0.00	0.00	0.00
52430402	Combined Triassic/Jurassic Oil and Gas	 oil	65.1	 MMBO	0.5	50.05	32.33	12.68	3.92	0.93	0.09	0.00	0.00	0.00	0.00	0.00	0.00	0.00	0.00	0.00	0.00	0.00	0.00
52430402	Combined Triassic/Jurassic Oil and Gas	 gas	130.3	 BCFG	3	70.18	21.28	6.41	1.75	0.38	0.00	0.00	0.00	0.00	0.00	0.00	0.00	0.00	0.00	0.00	0.00	0.00	0.00
52430501	Manville Gas	 oil	0	 MMBO	0.5	0.00	0.00	0.00	0.00	0.00	0.00	0.00	0.00	0.00	0.00	0.00	0.00	0.00	0.00	0.00	0.00	0.00	0.00
52430501	Manville Gas	 gas	626.7	 BCFG	3	71.13	17.85	6.97	2.74	0.99	0.31	0.01	0.00	0.00	0.00	0.00	0.00	0.00	0.00	0.00	0.00	0.00	0.00
52430601	Second White Specks-Cardium Gas	 oil	0	 MMBO	0.5	0.00	0.00	0.00	0.00	0.00	0.00	0.00	0.00	0.00	0.00	0.00	0.00	0.00	0.00	0.00	0.00	0.00	0.00
52430601	Second White Specks-Cardium Gas	 gas	42.5	 BCFG	3	64.00	26.81	7.36	1.62	0.21	0.00	0.00	0.00	0.00	0.00	0.00	0.00	0.00	0.00	0.00	0.00	0.00	0.00
52430602	Second White Specks-Cardium Oil and Gas	 oil	25.7	 MMBO	0.5	50.05	34.37	11.97	3.06	0.55	0.00	0.00	0.00	0.00	0.00	0.00	0.00	0.00	0.00	0.00	0.00	0.00	0.00
52430602	Second White Specks-Cardium Oil and Gas	 gas	125.5	 BCFG	3	69.70	21.18	6.69	1.94	0.47	0.01	0.00	0.00	0.00	0.00	0.00	0.00	0.00	0.00	0.00	0.00	0.00	0.00
52440101	Yeoman Oil	 oil	4.3	 MMBO	0.5	50.05	37.59	10.40	1.83	0.12	0.00	0.00	0.00	0.00	0.00	0.00	0.00	0.00	0.00	0.00	0.00	0.00	0.00
52440101	Yeoman Oil	 gas	0	 BCFG	3	0.00	0.00	0.00	0.00	0.00	0.00	0.00	0.00	0.00	0.00	0.00	0.00	0.00	0.00	0.00	0.00	0.00	0.00
52440201	Brightholme Oil	 oil	7.7	 MMBO	0.5	69.68	25.12	4.62	0.58	0.00	0.00	0.00	0.00	0.00	0.00	0.00	0.00	0.00	0.00	0.00	0.00	0.00	0.00
52440201	Brightholme Oil	 gas	0	 BCFG	3	0.00	0.00	0.00	0.00	0.00	0.00	0.00	0.00	0.00	0.00	0.00	0.00	0.00	0.00	0.00	0.00	0.00	0.00
52440301	Bakken Sandstone	 oil	11.1	 MMBO	0.5	69.68	25.12	4.62	0.58	0.00	0.00	0.00	0.00	0.00	0.00	0.00	0.00	0.00	0.00	0.00	0.00	0.00	0.00
52440301	Bakken Sandstone	 gas	0	 BCFG	3	0.00	0.00	0.00	0.00	0.00	0.00	0.00	0.00	0.00	0.00	0.00	0.00	0.00	0.00	0.00	0.00	0.00	0.00
52440401	Lodgepole Oil	 oil	80.3	 MMBO	0.5	50.05	34.37	11.97	3.06	0.55	0.00	0.00	0.00	0.00	0.00	0.00	0.00	0.00	0.00	0.00	0.00	0.00	0.00
52440401	Lodgepole Oil	 gas	2.1	 BCFG	3	64.64	27.18	6.77	1.30	0.10	0.00	0.00	0.00	0.00	0.00	0.00	0.00	0.00	0.00	0.00	0.00	0.00	0.00
53050101	El Abra-Like Reef and Backreef Limestone	 oil	21.7	 MMBO	1	0.00	3.62	18.10	28.32	25.94	15.62	6.36	1.75	0.27	0.00	0.00	0.00	0.00	0.00	0.00	0.00	0.00	0.00
53050101	El Abra-Like Reef and Backreef Limestone	 gas	2.1	 BCFG	6	0.00	0.73	13.68	35.63	33.07	13.87	2.81	0.19	0.00	0.00	0.00	0.00	0.00	0.00	0.00	0.00	0.00	0.00
53050102	Tamabra-Like Debris-Flow-Breccia Limestone Overlying Evaporites	 oil	126.6	 MMBO	1	0.00	0.00	1.22	11.27	18.43	21.07	19.18	14.14	8.45	4.09	1.59	0.50	0.06	0.00	0.00	0.00	0.00	0.00
53050102	Tamabra-Like Debris-Flow-Breccia Limestone Overlying Evaporites	 gas	2.1	 BCFG	6	0.00	0.00	0.45	8.62	19.07	24.17	21.86	14.70	7.42	2.81	0.80	0.10	0.00	0.00	0.00	0.00	0.00	0.00
53050103	Tamabra-Like Debris-Flow-Breccia Limestone and Overlying Strata	 oil	42.9	 MMBO	1	0.00	16.37	21.46	20.35	16.73	11.86	7.19	3.70	1.61	0.59	0.14	0.00	0.00	0.00	0.00	0.00	0.00	0.00
53050103	Tamabra-Like Debris-Flow-Breccia Limestone and Overlying Strata	 gas	53.1	 BCFG	6	0.00	18.76	23.98	21.32	16.15	10.39	5.62	2.54	0.95	0.29	0.00	0.00	0.00	0.00	0.00	0.00	0.00	0.00
53050104	Tamabra-Like Debris-Flow-Breccia Limestone of the Golden Lane	 oil	26.6	 MMBO	1	0.00	17.41	20.92	19.51	16.16	11.73	7.40	4.02	1.87	0.74	0.25	0.00	0.00	0.00	0.00	0.00	0.00	0.00
53050104	Tamabra-Like Debris-Flow-Breccia Limestone of the Golden Lane	 gas	0	 BCFG	6	0.00	0.00	0.00	0.00	0.00	0.00	0.00	0.00	0.00	0.00	0.00	0.00	0.00	0.00	0.00	0.00	0.00	0.00
53050105	Tamaulipas-Like Basinal Limestone and Tertiary Strata Without Underlying Evaporites	 oil	26.8	 MMBO	1	0.00	18.76	23.98	21.32	16.15	10.39	5.62	2.54	0.95	0.29	0.00	0.00	0.00	0.00	0.00	0.00	0.00	0.00
53050105	Tamaulipas-Like Basinal Limestone and Tertiary Strata Without Underlying Evaporites	 gas	0	 BCFG	6	0.00	0.00	0.00	0.00	0.00	0.00	0.00	0.00	0.00	0.00	0.00	0.00	0.00	0.00	0.00	0.00	0.00	0.00
53050106	Tamaulipas-Like Basinal Limestone and Tertiary Strata Overlying Evaporites	 oil	96.3	 MMBO	3	0.00	0.00	2.98	15.36	19.12	19.29	16.62	12.24	7.66	4.05	1.81	0.68	0.19	0.00	0.00	0.00	0.00	0.00
53050106	Tamaulipas-Like Basinal Limestone and Tertiary Strata Overlying Evaporites	 gas	22.3	 BCFG	18	0.00	0.00	2.96	17.31	21.57	20.71	16.50	10.93	6.00	2.71	1.01	0.30	0.00	0.00	0.00	0.00	0.00	0.00
53050107	Tamabra-Like Debris-Flow-Breccia Limestone North of Campeche	 oil	10.7	 MMBO	10	0.00	0.00	0.00	0.00	16.91	29.72	23.19	15.40	8.64	4.04	1.55	0.49	0.06	0.00	0.00	0.00	0.00	0.00
53050107	Tamabra-Like Debris-Flow-Breccia Limestone North of Campeche	 gas	0	 BCFG	60	0.00	0.00	0.00	0.00	0.00	0.00	0.00	0.00	0.00	0.00	0.00	0.00	0.00	0.00	0.00	0.00	0.00	0.00
60210101	Late Cretaceous-Tertiary Turbidites	 oil	64.1	 MMBO	10	0.00	0.00	0.00	0.00	10.36	20.93	20.59	17.73	13.33	8.67	4.83	2.30	0.93	0.32	0.02	0.00	0.00	0.00
60210101	Late Cretaceous-Tertiary Turbidites	 gas	15.8	 BCFG	60	0.00	0.00	0.00	0.00	14.00	27.79	23.62	16.78	10.01	4.96	2.02	0.67	0.13	0.00	0.00	0.00	0.00	0.00
60210102	Cretaceous Carbonates	 oil	21.2	 MMBO	10	0.00	0.00	0.00	0.00	11.03	26.35	24.51	18.26	11.16	5.57	2.25	0.73	0.14	0.00	0.00	0.00	0.00	0.00
60210102	Cretaceous Carbonates	 gas	6.9	 BCFG	60	0.00	0.00	0.00	0.00	17.03	36.03	25.44	13.60	5.65	1.81	0.44	0.00	0.00	0.00	0.00	0.00	0.00	0.00
60210103	Late Cretaceous-Tertiary Nearshore Sandstones	 oil	31.5	 MMBO	1	0.00	23.06	26.99	21.55	14.49	8.16	3.80	1.45	0.45	0.04	0.00	0.00	0.00	0.00	0.00	0.00	0.00	0.00
60210103	Late Cretaceous-Tertiary Nearshore Sandstones	 gas	7.7	 BCFG	6	0.00	22.14	27.91	22.35	14.67	7.90	3.46	1.22	0.34	0.00	0.00	0.00	0.00	0.00	0.00	0.00	0.00	0.00
60220101	Amazon Delta and Submarine Fan	 oil	0	 MMBO	10	0.00	0.00	0.00	0.00	0.00	0.00	0.00	0.00	0.00	0.00	0.00	0.00	0.00	0.00	0.00	0.00	0.00	0.00
60220101	Amazon Delta and Submarine Fan	 gas	85.4	 BCFG	60	0.00	0.00	0.00	0.00	18.76	34.09	24.02	13.68	6.33	2.34	0.69	0.09	0.00	0.00	0.00	0.00	0.00	0.00
60290101	Western Pre-Aptian Reservoirs	 oil	10.8	 MMBO	1	0.00	50.05	33.25	12.39	3.53	0.75	0.03	0.00	0.00	0.00	0.00	0.00	0.00	0.00	0.00	0.00	0.00	0.00
60290101	Western Pre-Aptian Reservoirs	 gas	4.3	 BCFG	6	0.00	13.08	50.04	29.72	6.59	0.58	0.00	0.00	0.00	0.00	0.00	0.00	0.00	0.00	0.00	0.00	0.00	0.00
60290102	Late Cretaceous-Tertiary Deep-Water Sandstones	 oil	27.8	 MMBO	4	0.00	0.00	0.00	18.23	24.35	21.78	16.38	10.35	5.45	2.38	0.85	0.23	0.00	0.00	0.00	0.00	0.00	0.00
60290102	Late Cretaceous-Tertiary Deep-Water Sandstones	 gas	15.8	 BCFG	24	0.00	0.00	0.00	18.23	24.35	21.78	16.38	10.35	5.45	2.38	0.85	0.23	0.00	0.00	0.00	0.00	0.00	0.00
60340101	Espirito Santo Shelf	 oil	21.1	 MMBO	1	0.00	50.05	37.59	10.40	1.83	0.12	0.00	0.00	0.00	0.00	0.00	0.00	0.00	0.00	0.00	0.00	0.00	0.00
60340101	Espirito Santo Shelf	 gas	0	 BCFG	6	0.00	0.00	0.00	0.00	0.00	0.00	0.00	0.00	0.00	0.00	0.00	0.00	0.00	0.00	0.00	0.00	0.00	0.00
60340102	Late Cretaceous-Tertiary Slide Blocks and Turbidites	 oil	27.8	 MMBO	6	0.00	0.00	0.00	6.16	23.22	22.65	18.84	13.56	8.36	4.37	1.93	0.71	0.19	0.00	0.00	0.00	0.00	0.00
60340102	Late Cretaceous-Tertiary Slide Blocks and Turbidites	 gas	38.5	 BCFG	36	0.00	0.00	0.00	6.16	23.22	22.65	18.84	13.56	8.36	4.37	1.93	0.71	0.19	0.00	0.00	0.00	0.00	0.00
60340103	Abrolhos Sub-Volcanic Structures	 oil	5.6	 MMBO	10	0.00	0.00	0.00	0.00	23.58	28.75	20.14	13.22	7.76	3.97	1.75	0.66	0.18	0.00	0.00	0.00	0.00	0.00
60340103	Abrolhos Sub-Volcanic Structures	 gas	14.5	 BCFG	60	0.00	0.00	0.00	0.00	23.58	28.75	20.14	13.22	7.76	3.97	1.75	0.66	0.18	0.00	0.00	0.00	0.00	0.00
60350101	Late Cretaceous-Tertiary Turbidites	 oil	75	 MMBO	6	0.00	0.00	0.00	0.97	10.61	18.65	21.85	19.86	14.33	8.23	3.76	1.36	0.39	0.01	0.00	0.00	0.00	0.00
60350101	Late Cretaceous-Tertiary Turbidites	 gas	13.4	 BCFG	36	0.00	0.00	0.00	6.83	33.05	28.40	17.97	8.97	3.51	1.07	0.20	0.00	0.00	0.00	0.00	0.00	0.00	0.00
60350102	Cretaceous Carbonates	 oil	42.8	 MMBO	3	0.00	0.00	3.84	27.98	29.89	21.08	11.15	4.46	1.34	0.26	0.00	0.00	0.00	0.00	0.00	0.00	0.00	0.00
60350102	Cretaceous Carbonates	 gas	10	 BCFG	18	0.00	0.00	9.88	40.17	27.82	14.26	5.71	1.76	0.40	0.00	0.00	0.00	0.00	0.00	0.00	0.00	0.00	0.00
60350103	Salt Dome Province Tertiary Sandstones	 oil	20.5	 MMBO	8	0.00	0.00	0.00	0.00	7.20	16.07	20.14	19.96	16.18	10.77	5.87	2.61	0.95	0.26	0.00	0.00	0.00	0.00
60350103	Salt Dome Province Tertiary Sandstones	 gas	4	 BCFG	48	0.00	0.00	0.00	0.00	38.28	31.33	17.68	8.33	3.20	0.98	0.19	0.00	0.00	0.00	0.00	0.00	0.00	0.00
60360101	Santos Shelf	 oil	130.1	 MMBO	4	0.00	0.00	0.00	13.58	18.93	19.28	17.12	13.24	8.84	5.07	2.48	1.04	0.37	0.05	0.00	0.00	0.00	0.00
60360101	Santos Shelf	 gas	67.2	 BCFG	24	0.00	0.00	0.00	11.67	19.48	20.78	18.42	13.74	8.60	4.49	1.95	0.70	0.17	0.00	0.00	0.00	0.00	0.00
60360102	Salt-Structured Deep-Water Sandstones	 oil	57.7	 MMBO	8	0.00	0.00	0.00	0.00	7.09	17.72	22.33	21.16	15.81	9.37	4.40	1.63	0.48	0.03	0.00	0.00	0.00	0.00
60360102	Salt-Structured Deep-Water Sandstones	 gas	9.7	 BCFG	48	0.00	0.00	0.00	0.00	19.13	27.55	23.39	15.83	8.65	3.78	1.32	0.36	0.00	0.00	0.00	0.00	0.00	0.00
60370101	Pelotas Platform and Basin	 oil	24.7	 MMBO	8	0.00	0.00	0.00	0.00	12.33	22.49	23.21	18.90	12.44	6.61	2.82	0.97	0.23	0.00	0.00	0.00	0.00	0.00
60370101	Pelotas Platform and Basin	 gas	24.7	 BCFG	48	0.00	0.00	0.00	0.00	11.18	22.91	24.33	19.61	12.44	6.22	2.44	0.75	0.12	0.00	0.00	0.00	0.00	0.00
60410101	Hollin-Napo	 oil	130	 MMBO	1	0.00	7.85	17.39	21.18	20.21	15.63	9.83	5.02	2.07	0.69	0.13	0.00	0.00	0.00	0.00	0.00	0.00	0.00
60410101	Hollin-Napo	 gas	0	 BCFG	6	0.00	0.00	0.00	0.00	0.00	0.00	0.00	0.00	0.00	0.00	0.00	0.00	0.00	0.00	0.00	0.00	0.00	0.00
60410201	Ene	 oil	5.4	 MMBO	5	0.00	0.00	0.00	31.99	44.62	17.40	4.92	1.01	0.07	0.00	0.00	0.00	0.00	0.00	0.00	0.00	0.00	0.00
60410201	Ene	 gas	3.2	 BCFG	30	0.00	0.00	0.00	1.81	23.67	37.57	25.43	9.38	1.99	0.16	0.00	0.00	0.00	0.00	0.00	0.00	0.00	0.00
60450101	Sub-Andean Fold and Thrust Belt	 oil	35.9	 MMBO	1	0.00	28.36	34.83	21.88	10.24	3.62	0.96	0.12	0.00	0.00	0.00	0.00	0.00	0.00	0.00	0.00	0.00	0.00
60450101	Sub-Andean Fold and Thrust Belt	 gas	100	 BCFG	6	0.00	3.87	12.16	18.53	20.97	18.70	13.29	7.53	3.40	1.22	0.34	0.00	0.00	0.00	0.00	0.00	0.00	0.00
60450102	Foreland Basins	 oil	38.6	 MMBO	3	0.00	0.00	8.26	27.29	23.69	17.85	11.67	6.52	3.07	1.21	0.40	0.04	0.00	0.00	0.00	0.00	0.00	0.00
60450102	Foreland Basins	 gas	27.8	 BCFG	18	0.00	0.00	5.28	28.00	27.45	19.91	11.52	5.31	1.93	0.55	0.05	0.00	0.00	0.00	0.00	0.00	0.00	0.00
60450103	Foreland Central Chaco High	 oil	12.9	 MMBO	3	0.00	0.00	3.31	18.08	21.74	20.47	16.10	10.59	5.80	2.63	0.98	0.30	0.00	0.00	0.00	0.00	0.00	0.00
60450103	Foreland Central Chaco High	 gas	7.7	 BCFG	18	0.00	0.00	4.84	25.47	26.23	20.38	12.83	6.53	2.67	0.87	0.18	0.00	0.00	0.00	0.00	0.00	0.00	0.00
60550101	Neuquen Extensional Structures	 oil	72.9	 MMBO	1	0.00	16.90	25.25	22.97	16.92	10.21	5.01	1.99	0.64	0.10	0.00	0.00	0.00	0.00	0.00	0.00	0.00	0.00
60550101	Neuquen Extensional Structures	 gas	72.4	 BCFG	6	0.00	16.90	25.25	22.97	16.92	10.21	5.01	1.99	0.64	0.10	0.00	0.00	0.00	0.00	0.00	0.00	0.00	0.00
60550102	Neuquen Foothills Structure	 oil	42.2	 MMBO	1	0.00	33.47	26.47	18.17	11.30	6.15	2.88	1.14	0.38	0.04	0.00	0.00	0.00	0.00	0.00	0.00	0.00	0.00
60550102	Neuquen Foothills Structure	 gas	36.9	 BCFG	6	0.00	17.62	24.77	22.32	16.63	10.29	5.26	2.20	0.75	0.16	0.00	0.00	0.00	0.00	0.00	0.00	0.00	0.00
60550103	Dorsal de Neuquen Structure	 oil	18.8	 MMBO	1	0.00	28.03	35.37	22.07	10.11	3.46	0.88	0.09	0.00	0.00	0.00	0.00	0.00	0.00	0.00	0.00	0.00	0.00
60550103	Dorsal de Neuquen Structure	 gas	18.8	 BCFG	6	0.00	16.60	33.45	27.33	14.97	5.80	1.60	0.26	0.00	0.00	0.00	0.00	0.00	0.00	0.00	0.00	0.00	0.00
60580101	San Jorge Extensional Structures	 oil	42.2	 MMBO	1	0.00	20.94	29.11	23.40	14.85	7.53	3.03	0.96	0.19	0.00	0.00	0.00	0.00	0.00	0.00	0.00	0.00	0.00
60580101	San Jorge Extensional Structures	 gas	43	 BCFG	6	0.00	15.00	26.52	24.77	17.65	9.87	4.32	1.48	0.39	0.00	0.00	0.00	0.00	0.00	0.00	0.00	0.00	0.00
60580102	San Bernardo Fold Belt Structures	 oil	30.5	 MMBO	1	0.00	28.03	35.37	22.07	10.11	3.46	0.88	0.09	0.00	0.00	0.00	0.00	0.00	0.00	0.00	0.00	0.00	0.00
60580102	San Bernardo Fold Belt Structures	 gas	20.3	 BCFG	6	0.00	23.88	42.32	23.96	8.01	1.69	0.15	0.00	0.00	0.00	0.00	0.00	0.00	0.00	0.00	0.00	0.00	0.00
60590101	Magallanes Extensional Structures	 oil	81.6	 MMBO	1	0.00	30.99	30.50	20.13	11.04	4.96	1.80	0.52	0.05	0.00	0.00	0.00	0.00	0.00	0.00	0.00	0.00	0.00
60590101	Magallanes Extensional Structures	 gas	102.3	 BCFG	6	0.00	18.76	23.98	21.32	16.15	10.39	5.62	2.54	0.95	0.29	0.00	0.00	0.00	0.00	0.00	0.00	0.00	0.00
60590102	Andean Fold Belt Structures	 oil	13.1	 MMBO	4	0.00	0.00	0.00	36.83	35.04	18.23	7.23	2.18	0.49	0.00	0.00	0.00	0.00	0.00	0.00	0.00	0.00	0.00
60590102	Andean Fold Belt Structures	 gas	30.6	 BCFG	24	0.00	0.00	0.00	37.76	32.67	17.93	7.96	2.81	0.78	0.10	0.00	0.00	0.00	0.00	0.00	0.00	0.00	0.00
60600101	North Falklands Basin	 oil	40	 MMBO	10	0.00	0.00	0.00	0.00	24.14	28.13	19.69	13.11	7.87	4.16	1.90	0.75	0.25	0.00	0.00	0.00	0.00	0.00
60600101	North Falklands Basin	 gas	20	 BCFG	60	0.00	0.00	0.00	0.00	32.77	33.80	18.36	9.17	3.97	1.45	0.44	0.03	0.00	0.00	0.00	0.00	0.00	0.00
60600201	South Falklands Basin	 oil	24.9	 MMBO	10	0.00	0.00	0.00	0.00	24.14	28.13	19.69	13.11	7.87	4.16	1.90	0.75	0.25	0.00	0.00	0.00	0.00	0.00
60600201	South Falklands Basin	 gas	12.5	 BCFG	60	0.00	0.00	0.00	0.00	32.77	33.80	18.36	9.17	3.97	1.45	0.44	0.03	0.00	0.00	0.00	0.00	0.00	0.00
60630101	Malvinas Extensional Structures	 oil	33.4	 MMBO	5	0.00	0.00	0.00	19.78	32.96	23.19	13.66	6.69	2.68	0.86	0.18	0.00	0.00	0.00	0.00	0.00	0.00	0.00
60630101	Malvinas Extensional Structures	 gas	33.4	 BCFG	30	0.00	0.00	0.00	17.28	31.14	23.67	15.01	7.92	3.44	1.21	0.34	0.00	0.00	0.00	0.00	0.00	0.00	0.00
60810101	Cretaceous-Paleogene Basin	 oil	82.9	 MMBO	1	0.00	12.90	20.21	20.83	18.00	13.17	8.11	4.18	1.80	0.64	0.15	0.00	0.00	0.00	0.00	0.00	0.00	0.00
60810101	Cretaceous-Paleogene Basin	 gas	26.6	 BCFG	6	0.00	8.19	22.32	26.29	21.57	13.11	5.97	2.03	0.51	0.01	0.00	0.00	0.00	0.00	0.00	0.00	0.00	0.00
60830101	Neogene Pull-Apart Basin	 oil	5.5	 MMBO	1	0.00	32.11	28.69	19.28	11.22	5.52	2.26	0.76	0.17	0.00	0.00	0.00	0.00	0.00	0.00	0.00	0.00	0.00
60830101	Neogene Pull-Apart Basin	 gas	11.1	 BCFG	6	0.00	32.11	28.69	19.28	11.22	5.52	2.26	0.76	0.17	0.00	0.00	0.00	0.00	0.00	0.00	0.00	0.00	0.00
60830201	Cretaceous-Paleogene Santa Elena Block	 oil	20.9	 MMBO	1	0.00	23.06	26.99	21.55	14.49	8.16	3.80	1.45	0.45	0.04	0.00	0.00	0.00	0.00	0.00	0.00	0.00	0.00
60830201	Cretaceous-Paleogene Santa Elena Block	 gas	3.1	 BCFG	6	0.00	29.18	33.48	21.37	10.54	4.03	1.18	0.21	0.00	0.00	0.00	0.00	0.00	0.00	0.00	0.00	0.00	0.00
60900101	Northern	 oil	25.7	 MMBO	1	0.00	19.25	30.80	24.90	15.00	6.92	2.43	0.65	0.05	0.00	0.00	0.00	0.00	0.00	0.00	0.00	0.00	0.00
60900101	Northern	 gas	0	 BCFG	6	0.00	0.00	0.00	0.00	0.00	0.00	0.00	0.00	0.00	0.00	0.00	0.00	0.00	0.00	0.00	0.00	0.00	0.00
60900102	Southern	 oil	8.7	 MMBO	5	0.00	0.00	0.00	12.25	41.47	29.50	12.56	3.56	0.67	0.00	0.00	0.00	0.00	0.00	0.00	0.00	0.00	0.00
60900102	Southern	 gas	0	 BCFG	30	0.00	0.00	0.00	0.00	0.00	0.00	0.00	0.00	0.00	0.00	0.00	0.00	0.00	0.00	0.00	0.00	0.00	0.00
60900103	Eastern	 oil	6.5	 MMBO	4	0.00	0.00	0.00	28.49	42.41	21.27	6.49	1.27	0.07	0.00	0.00	0.00	0.00	0.00	0.00	0.00	0.00	0.00
60900103	Eastern	 gas	10.3	 BCFG	24	0.00	0.00	0.00	11.64	28.61	28.31	18.76	8.87	3.02	0.74	0.05	0.00	0.00	0.00	0.00	0.00	0.00	0.00
60900104	La Luna and Older	 oil	15.3	 MMBO	4	0.00	0.00	0.00	36.00	37.12	18.36	6.55	1.70	0.26	0.00	0.00	0.00	0.00	0.00	0.00	0.00	0.00	0.00
60900104	La Luna and Older	 gas	2.1	 BCFG	24	0.00	0.00	0.00	47.33	33.49	13.69	4.34	1.04	0.11	0.00	0.00	0.00	0.00	0.00	0.00	0.00	0.00	0.00
60960101	Central	 oil	48.5	 MMBO	1	0.00	24.55	19.80	16.67	13.50	10.13	6.91	4.25	2.34	1.15	0.50	0.19	0.00	0.00	0.00	0.00	0.00	0.00
60960101	Central	 gas	4.3	 BCFG	6	0.00	1.74	9.16	18.09	23.27	21.59	14.81	7.56	2.87	0.81	0.10	0.00	0.00	0.00	0.00	0.00	0.00	0.00
60960102	Peripheral	 oil	86.1	 MMBO	1	0.00	24.55	19.80	16.67	13.50	10.13	6.91	4.25	2.34	1.15	0.50	0.19	0.00	0.00	0.00	0.00	0.00	0.00
60960102	Peripheral	 gas	8.6	 BCFG	6	0.00	1.74	9.16	18.09	23.27	21.59	14.81	7.56	2.87	0.81	0.10	0.00	0.00	0.00	0.00	0.00	0.00	0.00
60980101	East Venezuela Fold and Thrust Belt	 oil	53.4	 MMBO	4	0.00	0.00	0.00	23.51	20.57	17.46	14.00	10.26	6.76	3.96	2.06	0.94	0.38	0.09	0.00	0.00	0.00	0.00
60980101	East Venezuela Fold and Thrust Belt	 gas	36.7	 BCFG	24	0.00	0.00	0.00	21.24	24.38	20.70	15.26	9.68	5.21	2.36	0.90	0.28	0.00	0.00	0.00	0.00	0.00	0.00
60980102	Guarico Sub-Basin	 oil	57.2	 MMBO	1	0.00	32.11	28.69	19.28	11.22	5.52	2.26	0.76	0.16	0.00	0.00	0.00	0.00	0.00	0.00	0.00	0.00	0.00
60980102	Guarico Sub-Basin	 gas	104.3	 BCFG	6	0.00	6.69	16.00	20.55	20.47	16.46	10.73	5.67	2.42	0.83	0.19	0.00	0.00	0.00	0.00	0.00	0.00	0.00
60980103	Maturin Sub-Basin	 oil	184.5	 MMBO	1	0.00	15.00	26.52	24.77	17.65	9.87	4.32	1.48	0.39	0.00	0.00	0.00	0.00	0.00	0.00	0.00	0.00	0.00
60980103	Maturin Sub-Basin	 gas	21.5	 BCFG	6	0.00	15.00	26.52	24.77	17.65	9.87	4.32	1.48	0.39	0.00	0.00	0.00	0.00	0.00	0.00	0.00	0.00	0.00
60980201	Trinidad Basins	 oil	21	 MMBO	4	0.00	0.00	0.00	38.87	29.83	17.35	8.70	3.65	1.26	0.34	0.00	0.00	0.00	0.00	0.00	0.00	0.00	0.00
60980201	Trinidad Basins	 gas	104.7	 BCFG	24	0.00	0.00	0.00	20.74	27.78	22.83	15.19	8.23	3.61	1.27	0.35	0.00	0.00	0.00	0.00	0.00	0.00	0.00
60980202	Orinoco Delta and Offshore	 oil	61.6	 MMBO	6	0.00	0.00	0.00	13.81	28.76	21.05	15.15	10.04	5.95	3.10	1.41	0.56	0.16	0.00	0.00	0.00	0.00	0.00
60980202	Orinoco Delta and Offshore	 gas	61.6	 BCFG	36	0.00	0.00	0.00	11.27	30.46	23.34	16.21	9.93	5.25	2.36	0.89	0.28	0.00	0.00	0.00	0.00	0.00	0.00
60990101	Main Maracaibo Basin	 oil	103	 MMBO	4	0.00	0.00	0.00	10.06	19.84	22.17	19.61	14.11	8.26	3.93	1.51	0.47	0.04	0.00	0.00	0.00	0.00	0.00
60990101	Main Maracaibo Basin	 gas	26.6	 BCFG	24	0.00	0.00	0.00	26.98	30.31	21.50	12.43	5.84	2.20	0.66	0.09	0.00	0.00	0.00	0.00	0.00	0.00	0.00
60990102	Southwest Maracaibo Basin Fold Belt	 oil	20.6	 MMBO	4	0.00	0.00	0.00	37.21	34.07	18.12	7.54	2.43	0.60	0.03	0.00	0.00	0.00	0.00	0.00	0.00	0.00	0.00
60990102	Southwest Maracaibo Basin Fold Belt	 gas	10.4	 BCFG	24	0.00	0.00	0.00	47.46	32.17	13.94	4.87	1.33	0.23	0.00	0.00	0.00	0.00	0.00	0.00	0.00	0.00	0.00
61030101	Carupano Basin Gas	 oil	0	 MMBO	5	0.00	0.00	0.00	0.00	0.00	0.00	0.00	0.00	0.00	0.00	0.00	0.00	0.00	0.00	0.00	0.00	0.00	0.00
61030101	Carupano Basin Gas	 gas	77.4	 BCFG	30	0.00	0.00	0.00	21.20	28.85	21.01	13.98	8.20	4.15	1.79	0.65	0.16	0.00	0.00	0.00	0.00	0.00	0.00
61070101	Inner Forearc Deformation Belt	 oil	8.2	 MMBO	15	0.00	0.00	0.00	0.00	0.30	19.58	24.76	21.89	16.03	9.75	4.89	2.01	0.67	0.13	0.00	0.00	0.00	0.00
61070101	Inner Forearc Deformation Belt	 gas	8.2	 BCFG	90	0.00	0.00	0.00	0.00	0.21	18.70	25.50	22.75	16.37	9.59	4.55	1.74	0.53	0.06	0.00	0.00	0.00	0.00
61170101	North Cuba Fold and Thrust Belt	 oil	62.2	 MMBO	1	0.00	33.47	26.47	18.17	11.30	6.15	2.88	1.14	0.38	0.04	0.00	0.00	0.00	0.00	0.00	0.00	0.00	0.00
61170101	North Cuba Fold and Thrust Belt	 gas	0	 BCFG	6	0.00	0.00	0.00	0.00	0.00	0.00	0.00	0.00	0.00	0.00	0.00	0.00	0.00	0.00	0.00	0.00	0.00	0.00
70130101	Coastal Plain and Offshore	 oil	13.3	 MMBO	1	0.00	25.36	24.69	19.59	13.91	8.64	4.62	2.11	0.82	0.26	0.00	0.00	0.00	0.00	0.00	0.00	0.00	0.00
70130101	Coastal Plain and Offshore	 gas	10.8	 BCFG	6	0.00	28.78	27.88	20.05	12.46	6.57	2.89	1.05	0.31	0.00	0.00	0.00	0.00	0.00	0.00	0.00	0.00	0.00
71830101	Coastal Plain and Offshore	 oil	49	 MMBO	2	0.00	0.00	23.79	26.26	20.92	14.33	8.33	4.07	1.65	0.55	0.09	0.00	0.00	0.00	0.00	0.00	0.00	0.00
71830101	Coastal Plain and Offshore	 gas	49	 BCFG	12	0.00	0.00	25.75	26.54	20.43	13.66	7.80	3.75	1.50	0.50	0.08	0.00	0.00	0.00	0.00	0.00	0.00	0.00
71920101	Agbada Reservoirs	 oil	586.3	 MMBO	1	0.00	6.59	14.13	18.13	18.94	16.55	12.13	7.43	3.80	1.62	0.57	0.12	0.00	0.00	0.00	0.00	0.00	0.00
71920101	Agbada Reservoirs	 gas	250	 BCFG	6	0.00	8.14	16.14	19.42	19.09	15.69	10.79	6.19	2.95	1.17	0.38	0.03	0.00	0.00	0.00	0.00	0.00	0.00
71920102	Akata Reservoirs	 oil	251.6	 MMBO	1	0.00	2.60	7.93	13.07	16.93	18.07	16.07	11.91	7.35	3.78	1.61	0.57	0.12	0.00	0.00	0.00	0.00	0.00
71920102	Akata Reservoirs	 gas	100.7	 BCFG	6	0.00	5.18	15.62	21.86	22.16	17.30	10.52	4.98	1.83	0.52	0.04	0.00	0.00	0.00	0.00	0.00	0.00	0.00
72030101	Gabon Subsalt	 oil	35.6	 MMBO	1	0.00	9.22	18.96	21.86	19.87	14.67	8.82	4.30	1.69	0.54	0.07	0.00	0.00	0.00	0.00	0.00	0.00	0.00
72030101	Gabon Subsalt	 gas	22.3	 BCFG	6	0.00	10.61	21.78	23.70	19.79	13.13	6.92	2.90	0.96	0.21	0.00	0.00	0.00	0.00	0.00	0.00	0.00	0.00
72030201	Gabon Suprasalt	 oil	107.8	 MMBO	1	0.00	16.68	17.03	16.34	14.78	12.28	9.25	6.26	3.79	2.05	0.99	0.42	0.14	0.00	0.00	0.00	0.00	0.00
72030201	Gabon Suprasalt	 gas	36.1	 BCFG	6	0.00	17.30	19.21	18.12	15.61	12.07	8.27	4.98	2.62	1.21	0.48	0.14	0.00	0.00	0.00	0.00	0.00	0.00
72030301	Central Congo Delta and Carbonate Platform	 oil	204.6	 MMBO	1	0.00	18.22	20.48	18.88	15.71	11.61	7.53	4.25	2.08	0.88	0.32	0.03	0.00	0.00	0.00	0.00	0.00	0.00
72030301	Central Congo Delta and Carbonate Platform	 gas	40.8	 BCFG	6	0.00	20.13	23.01	20.16	15.55	10.44	6.02	2.96	1.23	0.43	0.07	0.00	0.00	0.00	0.00	0.00	0.00	0.00
72030302	Central Congo Turbidites	 oil	104.3	 MMBO	10	0.00	0.00	0.00	0.00	9.25	21.16	21.56	18.54	13.63	8.50	4.47	1.97	0.73	0.19	0.00	0.00	0.00	0.00
72030302	Central Congo Turbidites	 gas	21.9	 BCFG	60	0.00	0.00	0.00	0.00	7.80	24.97	26.17	20.22	12.22	5.79	2.14	0.62	0.06	0.00	0.00	0.00	0.00	0.00
72030401	Cuanza-Namibe	 oil	33.1	 MMBO	1	0.00	30.11	19.94	15.66	12.16	8.87	5.96	3.65	2.02	1.01	0.45	0.18	0.00	0.00	0.00	0.00	0.00	0.00
72030401	Cuanza-Namibe	 gas	8.6	 BCFG	6	0.00	33.32	21.84	16.15	11.64	7.78	4.72	2.57	1.24	0.54	0.20	0.00	0.00	0.00	0.00	0.00	0.00	0.00
73030101	Offshore	 oil	3.2	 MMBO	8	0.00	0.00	0.00	0.00	38.10	31.79	17.77	8.21	3.06	0.91	0.16	0.00	0.00	0.00	0.00	0.00	0.00	0.00
73030101	Offshore	 gas	10.8	 BCFG	48	0.00	0.00	0.00	0.00	29.67	30.05	20.47	11.62	5.42	2.05	0.63	0.09	0.00	0.00	0.00	0.00	0.00	0.00
80260101	Kohat-Potwar Intrathrust Basin	 oil	20.7	 MMBO	1	0.00	18.10	31.95	25.94	15.03	6.45	2.05	0.47	0.00	0.00	0.00	0.00	0.00	0.00	0.00	0.00	0.00	0.00
80260101	Kohat-Potwar Intrathrust Basin	 gas	5.4	 BCFG	6	0.00	16.59	31.64	26.65	15.71	6.78	2.14	0.49	0.00	0.00	0.00	0.00	0.00	0.00	0.00	0.00	0.00	0.00
80340101	Sylhet-Kopili/Barail-Tipam Composite	 oil	34	 MMBO	1	0.00	1.95	16.51	31.59	29.08	15.24	4.74	0.88	0.01	0.00	0.00	0.00	0.00	0.00	0.00	0.00	0.00	0.00
80340101	Sylhet-Kopili/Barail-Tipam Composite	 gas	5.5	 BCFG	6	0.00	25.14	32.80	22.92	12.20	5.01	1.58	0.35	0.00	0.00	0.00	0.00	0.00	0.00	0.00	0.00	0.00	0.00
80420101	Greater Indus Foreland and Foldbelt	 oil	21.7	 MMBO	1	0.00	11.22	38.83	32.60	13.69	3.26	0.39	0.00	0.00	0.00	0.00	0.00	0.00	0.00	0.00	0.00	0.00	0.00
80420101	Greater Indus Foreland and Foldbelt	 gas	108.1	 BCFG	6	0.00	7.38	14.52	17.97	18.45	16.06	11.85	7.39	3.88	1.71	0.63	0.16	0.00	0.00	0.00	0.00	0.00	0.00
80420102	Indus Fan	 oil	0	 MMBO	10	0.00	0.00	0.00	0.00	0.00	0.00	0.00	0.00	0.00	0.00	0.00	0.00	0.00	0.00	0.00	0.00	0.00	0.00
80420102	Indus Fan	 gas	11.8	 BCFG	60	0.00	0.00	0.00	0.00	27.39	32.60	20.08	11.24	5.47	2.25	0.77	0.18	0.00	0.00	0.00	0.00	0.00	0.00
80430101	Eocene-Miocene Bombay Shelf	 oil	81.1	 MMBO	1	0.00	6.01	17.18	22.88	22.08	16.38	9.43	4.21	1.46	0.38	0.00	0.00	0.00	0.00	0.00	0.00	0.00	0.00
80430101	Eocene-Miocene Bombay Shelf	 gas	47.1	 BCFG	6	0.00	1.67	11.06	22.56	26.81	21.10	11.37	4.23	1.09	0.12	0.00	0.00	0.00	0.00	0.00	0.00	0.00	0.00
80430102	Eocene-Miocene Cambay Deltaic	 oil	38.4	 MMBO	1	0.00	17.62	24.77	22.32	16.63	10.29	5.26	2.20	0.75	0.16	0.00	0.00	0.00	0.00	0.00	0.00	0.00	0.00
80430102	Eocene-Miocene Cambay Deltaic	 gas	27.4	 BCFG	6	0.00	9.41	22.09	24.93	20.65	13.16	6.49	2.47	0.72	0.09	0.00	0.00	0.00	0.00	0.00	0.00	0.00	0.00
80470201	Western Shelf and Slope	 oil	8.7	 MMBO	2	0.00	0.00	35.57	38.20	18.38	6.19	1.48	0.18	0.00	0.00	0.00	0.00	0.00	0.00	0.00	0.00	0.00	0.00
80470201	Western Shelf and Slope	 gas	43.8	 BCFG	12	0.00	0.00	35.19	25.23	17.27	11.00	6.26	3.11	1.34	0.49	0.11	0.00	0.00	0.00	0.00	0.00	0.00	0.00
80470301	Central Basin	 oil	3.2	 MMBO	2	0.00	0.00	60.51	29.50	8.11	1.70	0.19	0.00	0.00	0.00	0.00	0.00	0.00	0.00	0.00	0.00	0.00	0.00
80470301	Central Basin	 gas	163.2	 BCFG	12	0.00	0.00	24.10	24.64	19.93	14.31	8.94	4.79	2.18	0.84	0.27	0.00	0.00	0.00	0.00	0.00	0.00	0.00
80470302	Eastern Fold Belt	 oil	5.1	 MMBO	2	0.00	0.00	60.51	29.50	8.11	1.70	0.19	0.00	0.00	0.00	0.00	0.00	0.00	0.00	0.00	0.00	0.00	0.00
80470302	Eastern Fold Belt	 gas	128.9	 BCFG	12	0.00	0.00	16.16	22.12	20.97	16.96	11.70	6.83	3.35	1.37	0.47	0.07	0.00	0.00	0.00	0.00	0.00	0.00
80480101	Central Burma Basin	 oil	33.4	 MMBO	1	0.00	14.01	22.61	22.38	18.04	12.02	6.59	2.96	1.08	0.32	0.00	0.00	0.00	0.00	0.00	0.00	0.00	0.00
80480101	Central Burma Basin	 gas	16.7	 BCFG	6	0.00	11.83	28.51	28.10	18.71	8.94	3.09	0.77	0.06	0.00	0.00	0.00	0.00	0.00	0.00	0.00	0.00	0.00
80480102	Irrawaddy-Andaman	 oil	16.7	 MMBO	1	0.00	11.22	23.80	25.08	19.66	11.94	5.63	2.06	0.58	0.05	0.00	0.00	0.00	0.00	0.00	0.00	0.00	0.00
80480102	Irrawaddy-Andaman	 gas	99.1	 BCFG	6	0.00	17.30	19.21	18.12	15.61	12.07	8.27	4.98	2.62	1.21	0.48	0.14	0.00	0.00	0.00	0.00	0.00	0.00
