Province Code	Province Name	Major Commodity	Cumulative Oil (MMBO)	Remaining Oil (MMBO)	Known Oil (MMBO)	Cumulative Gas (BCFG)	Remaining Gas (BCFG)	Known Gas (BCFG)	Cumulative NGL (MMBNGL)	Remaining NGL (MMBNGL)	Known NGL (MMBNGL)	Total Cumulative Petroleum (MMBOE)	Total Remaining Petroleum (MMBOE)	Total Known Petroleum (MMBOE)	Mean Undiscovered Oil (MMBO)	Mean Undiscovered Gas (BCFG)	Mean Undiscovered NGL (MMBNGL)	Total Mean Undiscovered Petroleum (MMBOE)	Oil Endowment (MMBO)	Gas Endowment (BCFG)	NGL Endowment (MMBNGL)	Total Petroleum Endowment (MMBOE)	"Discovery Maturity, Oil (%)"	"Discovery Maturity, Gas (%)"	"Discovery Maturity, NGL (%)"	"Discovery Maturity, Total Petroleum (%)"	Future Oil (MMBO)	Future Gas (BCFG)	Future NGL (MMBNGL)	Total Future Petroleum (MMBOE)
1008	Timan-Pechora Basin	Oil	3346	9774	13120	12374	24261	36635	362	353	716	5771	14171	19942	5732	52079	2186	16598	18852	88714	2901	36539	70	41	25	55	15506	76340	2539	30769
1009	Dnieper-Donets Basin	Gas	110	1501	1611	35453	23645	59098	119	81	200	6137	5523	11660	1098	24051	862	5969	2709	83149	1062	17629	59	71	19	66	2599	47697	943	11492
1015	Volga-Ural Region	Oil	42690	21247	63937	16417	82750	99166	307	793	1100	45732	35832	81564	2549	3941	198	3403	66485	103108	1298	84968	96	96	85	96	23796	86691	991	39235
1016	North Caspian Basin	Oil	822	9987	10808	1745	155161	156906	209	8681	8890	1322	44528	45850	23320	119051	5412	48573	34128	275957	14302	94423	32	57	62	49	33307	274212	14093	93101
1050	South Barents Basin	Gas	0	0	0	0	70020	70020	0	100	100	0	11770	11770	219	160857	3349	30377	219	230877	3449	42147	0	30	3	28	219	230877	3449	42147
1059	Ludlov Saddle	NA	NA	NA	NA	NA	NA	NA	NA	NA	NA	NA	NA	NA	39	28387	591	5361	NA	NA	NA	NA	NA	NA	NA	NA	NA	NA	NA	NA
1060	North Barents Basin	Gas	0	0	0	0	0	0	0	0	0	0	0	0	135	59820	1250	11355	135	59820	1250	11355	0	0	0	0	135	59820	1250	11355
1108	Azov-Kuban Basin	Gas	1273	-750	524	7492	11118	18610	67	-12	56	2589	1091	3681	417	12252	215	2675	941	30861	271	6355	56	60	21	58	-332	23369	203	3766
1109	Middle Caspian Basin	Oil	4359	5193	9551	9984	17156	27140	48	31	79	6071	8083	14153	4887	39685	1670	13171	14439	66825	1748	27324	66	41	4	52	10080	56841	1700	21254
1112	South Caspian Basin	Oil	11681	5758	17438	8591	27403	35994	221	282	503	13334	10607	23941	15725	173310	8115	52725	33163	209304	8618	76665	53	17	6	31	21483	200713	8397	63332
1150	North Ustyurt Basin	Oil	459	1907	2366	0	2413	2413	0	8	8	459	2318	2777	954	10770	444	3193	3320	13183	453	5970	71	18	2	47	2861	13183	453	5511
1154	Amu-Darya Basin	Gas	80	686	766	78513	151830	230343	191	984	1175	13357	26975	40332	270	163650	3995	31541	1037	393993	5171	71873	74	58	23	56	957	315480	4979	58516
1158	Tian Shan Foldbelt	NA	NA	NA	NA	NA	NA	NA	NA	NA	NA	NA	NA	NA	0	0	0	0	NA	NA	NA	NA	NA	NA	NA	NA	NA	NA	NA	NA
1174	West Siberian Basin	Oil	46530	93383	139913	218465	1051584	1270049	272	2870	3142	83213	271517	354730	55235	642934	20473	182864	195148	1912983	23615	537593	72	66	13	66	148618	1694518	23343	454380
1207	Baykit Arch	Oil	0	34	34	0	5052	5052	0	60	60	0	936	936	1213	16983	854	4897	1246	22035	914	5833	3	23	7	16	1246	22035	914	5833
1209	Angara-Lena Terrace	Gas	0	0	0	0	8075	8075	0	63	63	0	1409	1409	242	10705	500	2526	242	18780	563	3935	0	43	11	36	242	18780	563	3935
1210	Nepa-Botuoba Arch	Oil	1	2005	2006	0	22035	22035	0	297	297	1	5974	5976	1208	29971	1440	7643	3214	52006	1737	13619	62	42	17	44	3213	52006	1737	13618
1211	Cis-Patom Foredeep	Gas	0	0	0	0	100	100	0	0	0	0	17	17	161	5364	254	1309	161	5464	254	1325	0	2	0	1	161	5464	254	1325
1322	North Sakhalin Basin	Oil	754	1428	2182	162	22221	22383	4	161	165	785	5292	6077	2582	57451	2999	15156	4764	79835	3164	21234	46	28	5	29	4010	79673	3160	20449
2004	Ma'Rib-Al Jawf/Masila Basin	Oil	504	683	1188	0	16507	16507	31	277	309	536	3712	4248	959	5944	323	2273	2147	22451	632	6521	55	74	49	65	1643	22451	601	5985
2006	Shabwah Basin	Oil	0	113	113	0	573	573	0	1	1	0	210	210	685	4246	231	1624	798	4819	232	1833	14	12	1	11	798	4819	232	1833
2009	Masila-Jeza Basin	Oil	144	488	632	0	40	40	0	2	2	144	496	641	1096	6793	369	2598	1728	6833	371	3238	37	1	1	20	1584	6833	371	3094
2010	Ghudun-Khasfeh Flank Province	Oil	0	0	0	0	0	0	0	0	0	0	0	0	926	5623	394	2258	926	5623	394	2258	0	0	0	0	926	5623	394	2258
2011	South Oman Salt Basin	Oil	203	297	500	0	188	188	0	15	15	203	343	546	97	1236	55	357	596	1424	70	903	84	13	21	60	394	1424	70	701
2013	Huqf-Haushi Uplift	Oil	0	0	0	0	0	0	0	0	0	0	0	0	30	404	18	115	30	404	18	115	0	0	0	0	30	404	18	115
2014	Ghaba Salt Basin	Oil	466	878	1344	138	18825	18964	0	476	476	489	4492	4981	371	5056	221	1436	1715	24019	697	6416	78	79	68	78	1250	23881	697	5928
2015	Central Oman Platform	Oil	3	68	71	0	742	742	0	6	6	3	198	200	424	3239	125	1090	495	3981	131	1290	14	19	4	16	493	3980	131	1287
2016	Fahud Salt Basin	Oil	2555	1918	4473	1151	8832	9983	7	145	152	2754	3535	6288	1020	4878	175	2008	5493	14861	327	8297	81	67	47	76	2938	13710	320	5543
2017	Oman Mountains	Oil	0	0	0	0	0	0	0	0	0	0	0	0	22	22	1	27	22	22	1	27	0	0	0	0	22	22	1	27
2019	Rub Al Khali Basin	Oil	19320	70507	89827	8303	173934	182237	294	2264	2558	20998	101760	122757	36647	425712	30268	137868	126474	607949	32826	260625	71	30	8	47	107154	599646	32533	239627
2020	Interior Homocline-Central Arch	Oil	84	4616	4700	0	9825	9825	0	263	263	84	6516	6601	16495	122074	9291	46132	21195	131899	9554	52733	22	7	3	13	21111	131899	9554	52648
2021	Greater Ghawar Uplift	Oil	57744	83956	141700	26493	222057	248550	9	8546	8555	62169	129511	191680	13830	226969	12150	63808	155530	475519	20705	255488	91	52	41	75	97786	449026	20695	193319
2022	Qatar Arch	Gas	0	1150	1150	1018	464582	465600	14	13751	13765	183	92332	92515	5026	17385	984	8908	6176	482985	14749	101423	19	96	93	91	6176	481967	14736	101239
2023	Widyan Basin-Interior Platform	Oil	219	17216	17435	60	7295	7355	0	25	25	229	18457	18686	21215	94746	6849	43855	38650	102101	6874	62541	45	7	0	30	38431	102041	6874	62312
2024	Mesopotamian Foredeep Basin	Oil	56746	235696	292442	13129	285156	298285	0	1837	1837	58934	285059	343993	61134	83722	3071	78159	353576	382007	4907	422151	83	78	37	81	296830	368878	4907	363217
2025	Hail-Ga'Ara Arch	Gas	0	0	0	0	0	0	0	0	0	0	0	0	53	1290	102	369	53	1290	102	369	0	0	0	0	53	1290	102	369
2028	Rutbah Uplift	Gas	0	0	0	0	0	0	0	0	0	0	0	0	53	1290	102	369	53	1290	102	369	0	0	0	0	53	1290	102	369
2029	Wadi-Surhan Basin	Gas	0	0	0	47	179	226	0	0	0	8	30	38	0	7873	630	1942	0	8099	630	1979	NA	3	0	2	0	8052	630	1972
2030	Zagros Fold Belt	Oil	49367	72234	121601	10333	389111	399444	12	1351	1363	51102	138437	189539	45459	212008	9499	90292	167060	611451	10862	279831	73	65	13	68	117693	601119	10850	228729
2031	Zagros Thrust Zone	Gas	0	0	0	0	0	0	0	0	0	0	0	0	38	966	43	242	38	966	43	242	0	0	0	0	38	966	43	242
2033	Sinai Basin	Oil	94	11	105	0	5	5	0	0	0	94	12	106	0	0	0	0	105	5	0	106	100	100	NA	100	11	5	0	12
2043	Sirte Basin	Oil	13986	23087	37072	5479	32288	37767	30	98	129	14929	28566	43496	6854	14984	648	10000	43927	52752	777	53496	84	72	17	81	29941	47272	746	38566
2047	Hamra Basin	Oil	0	0	0	0	0	0	0	0	0	0	0	0	89	241	18	148	89	241	18	148	0	0	0	0	89	241	18	148
2048	Pelagian Basin	Oil	521	1719	2239	43	17167	17210	0	66	67	528	4646	5174	1268	5556	130	2323	3507	22766	196	7497	64	76	34	69	2986	22724	196	6970
2054	Trias/Ghadames Basin	Oil	7410	7793	15203	647	24352	24999	71	949	1020	7589	12800	20389	6477	17493	1174	10566	21680	42492	2193	30955	70	59	46	66	14270	41845	2122	23366
2056	Illizi Basin	Oil	2286	1384	3670	750	44311	45061	74	824	898	2485	9593	12078	2947	28138	900	8536	6617	73199	1798	20614	55	62	50	59	4331	72449	1724	18129
2058	Grand Erg/Ahnet Basin	Gas	106	388	494	4980	109053	114034	846	4189	5035	1783	22752	24534	599	8664	407	2449	1093	122697	5441	26984	45	93	93	91	986	117717	4595	25201
2061	Ougarta Uplift	Oil	0	41	41	0	6	6	0	0	0	0	42	42	0	0	0	0	41	6	0	42	100	100	NA	100	41	6	0	42
2071	Red Sea Basin	Oil	6280	3580	9861	849	8668	9517	24	273	297	6445	5298	11744	5187	60012	3344	18533	15048	69529	3641	30277	66	14	8	39	8767	68680	3618	23832
2074	Khleisha Uplift	Oil	250	407	657	0	210	210	0	0	0	250	442	692	105	2580	203	739	762	2790	203	1430	86	8	0	48	512	2790	203	1180
2075	Euphrates/Mardin	Oil	282	312	594	66	1668	1734	0	18	18	293	607	900	749	749	19	893	1343	2483	36	1793	44	70	48	50	1061	2418	36	1500
2089	Anah Graben	Oil	75	80	155	0	0	0	0	0	0	75	80	155	26	39	2	35	181	39	2	190	85	0	0	81	106	39	2	115
3115	Junggar Basin	Oil	952	5858	6810	501	2082	2583	0	0	0	1035	6206	7241	563	1296	63	843	7373	3879	64	8084	92	67	0	90	6422	3379	64	7049
3127	Bohaiwan Basin	Oil	10415	14139	24553	2987	12685	15672	1	86	88	10914	16339	27253	4412	8514	417	6248	28965	24186	505	33501	85	65	17	81	18550	21199	503	22587
3128	Ordos Basin	Oil	81	602	683	13	5597	5610	0	0	0	83	1535	1618	138	20	1	143	821	5630	1	1761	83	100	0	92	740	5617	1	1678
3142	Sichuan Basin	Gas	47	63	110	6236	6290	12526	0	0	0	1086	1112	2198	27	10311	456	2202	138	22837	456	4400	80	55	0	50	91	16601	456	3313
3144	Songliao Basin	Oil	12399	3176	15575	3	1739	1743	0	0	0	12399	3466	15865	1026	5706	212	2189	16601	7449	212	18054	94	23	0	88	4203	7446	212	5655
3154	Tarim Basin	Oil	45	658	704	208	5572	5780	0	189	189	80	1776	1856	5948	59939	3312	19250	6652	65719	3501	21106	11	9	5	9	6606	65511	3501	21026
3161	Yunnan Guizhou Hubei Fold Belt	NA	NA	NA	NA	NA	NA	NA	NA	NA	NA	NA	NA	NA	0	0	0	0	NA	NA	NA	NA	NA	NA	NA	NA	NA	NA	NA	NA
3701	Baram Delta/Brunei-Sabah Basin	Oil	3953	2945	6898	9188	27012	36200	8	172	180	5492	7619	13111	3390	23226	1174	8434	10288	59426	1353	21545	67	61	13	61	6335	50238	1346	16054
3702	Greater Sarawak Basin	Gas	168	649	817	3731	78433	82164	56	323	379	846	14044	14890	631	19247	462	4301	1448	101411	841	19191	56	81	45	78	1281	97680	785	18345
3703	Malay Basin	Oil	1518	2090	3608	492	47657	48149	9	313	322	1609	10346	11955	1228	27465	514	6319	4836	75614	836	18274	75	64	39	65	3318	75122	827	16665
3808	Central Sumatra Basin	Oil	8349	4868	13217	910	2956	3866	0	11	11	8500	5372	13872	899	4078	84	1663	14117	7944	94	15535	94	49	11	89	5768	7034	94	7034
3817	Kutei Basin	Oil	2195	684	2879	8711	36762	45473	44	1230	1273	3691	8040	11731	5145	64757	2122	18060	8024	110230	3396	29791	36	41	38	39	5829	101519	3352	26100
3822	North Sumatra Basin	Gas	496	178	674	13977	11582	25559	583	343	926	3409	2451	5860	213	15123	181	2914	887	40682	1107	8774	76	63	84	67	391	26705	524	5365
3824	Northwest Java Basin	Oil	1555	1613	3168	1026	7028	8055	45	130	175	1771	2914	4685	658	7453	108	2007	3825	15508	282	6692	83	52	62	70	2271	14481	237	4922
3828	South Sumatra Basin	Oil	1842	587	2429	3125	7080	10204	4	53	56	2367	1819	4186	469	18250	239	3750	2898	28455	296	7936	84	36	19	53	1055	25330	292	5569
3910	Bonaparte Gulf Basin	Gas	123	393	517	0	13304	13304	0	435	435	123	3046	3169	1286	23492	1080	6281	1803	36796	1515	9450	29	36	29	34	1679	36796	1515	9327
3913	Browse Basin	Gas	19	27	46	0	17960	17960	0	200	200	19	3221	3239	1055	20093	934	5339	1101	38053	1134	8578	4	47	18	38	1083	38053	1134	8559
3916	Carnarvon Basin	Oil	16	19	35	32	70	102	0	0	0	21	31	52	0	0	0	0	35	102	0	52	100	100	NA	100	19	70	0	31
3930	Gippsland Basin	Oil	3077	784	3860	3501	6274	9775	155	546	701	3815	2375	6190	310	5658	339	1592	4170	15433	1040	7782	93	63	67	80	1093	11932	885	3967
3948	Northwest Shelf	Gas	473	647	1119	1840	54405	56245	117	875	991	896	10589	11485	2381	64711	3682	16848	3500	120956	4673	28333	32	47	21	41	3028	119116	4557	27437
4017	Vestford-Helgeland	Oil	76	2585	2660	0	15662	15662	0	702	702	76	5897	5973	6538	165201	8990	43062	9199	180863	9692	49035	29	9	7	12	9123	180863	9692	48959
4025	North Sea Graben	Oil	22467	21427	43895	31235	128603	159839	510	5461	5971	28183	48322	76505	13098	37745	1859	21248	56993	197584	7830	97753	77	81	76	78	34526	166348	7320	69570
4028	Mid-North Sea High	NA	NA	NA	NA	NA	NA	NA	NA	NA	NA	NA	NA	NA	0	0	0	0	NA	NA	NA	NA	NA	NA	NA	NA	NA	NA	NA	NA
4033	German-Polish Basin	Gas	0	0	0	6905	940	7846	0	0	0	1151	157	1308	0	0	0	0	0	7846	0	1308	100	100	NA	100	0	940	0	157
4035	Northwest German Basin	Gas	1867	413	2280	76285	65440	141726	7	21	28	14589	11340	25929	56	10814	23	1881	2336	152539	51	27810	98	93	55	93	468	76254	44	13221
4036	Anglo-Dutch Basin	Gas	432	159	592	40547	30880	71427	47	97	144	7237	5403	12640	88	14976	46	2630	679	86402	190	15270	87	83	76	83	247	45856	143	8033
4038	Munsterland Basin	Gas	0	0	0	121	31	152	0	0	0	20	5	25	0	0	0	0	0	152	0	25	NA	100	NA	100	0	31	0	5
4039	Southwest German Basin	NA	NA	NA	NA	NA	NA	NA	NA	NA	NA	NA	NA	NA	0	0	0	0	NA	NA	NA	NA	NA	NA	NA	NA	NA	NA	NA	NA
4046	Bohemia	Gas	1	0	1	114	117	231	1	2	3	21	22	43	0	0	0	0	1	231	3	43	100	100	100	100	0	117	2	22
4047	North Carpathian Basin	Oil	649	286	935	8714	7618	16332	2	3	6	2104	1559	3663	391	5049	112	1344	1326	21381	118	5007	71	76	5	73	677	12667	115	2903
4048	Pannonian Basin	Oil	1567	623	2190	6534	7308	13842	35	51	86	2691	1892	4583	359	4143	128	1178	2550	17986	214	5761	86	77	40	80	982	11452	179	3070
4057	Transylvanian Basin	Gas	0	0	0	21194	9537	30731	0	0	0	3532	1589	5122	0	2083	6	354	0	32814	6	5475	NA	94	0	94	0	11620	6	1943
4060	Po Basin	Gas	91	254	346	9527	9360	18886	27	5	32	1706	1820	3526	360	17964	122	3476	706	36850	154	7002	49	51	21	50	615	27324	127	5296
4061	Carpathian-Balkanian Basin	Oil	4083	1825	5908	3126	4139	7265	20	56	77	4624	2571	7195	1013	3179	116	1659	6921	10445	193	8854	85	70	40	81	2838	7319	173	4230
4068	Provence Basin	Gas	0	0	0	0	0	0	0	0	0	0	0	0	388	51210	2265	11188	388	51210	2265	11188	0	0	0	0	388	51210	2265	11188
5200	East Greenland Rift Basins	Oil	0	0	0	0	0	0	0	0	0	0	0	0	47148	80709	4170	64769	47148	80709	4170	64769	0	0	0	0	47148	80709	4170	64769
5215	Labrador-Newfoundland Shelf	Oil	0	1582	1582	0	6630	6630	0	188	188	0	2875	2875	1796	8893	514	3792	3378	15522	702	6667	47	43	27	48	3378	15522	702	6667
5243	Alberta Basin	Oil	12821	2458	15279	47573	31097	78670	1592	1119	2711	22342	8760	31101	818	11895	328	3128	16097	90565	3039	34229	95	87	89	91	3276	42992	1447	11888
5244	"Williston Basin, Canada"	Oil	2696	809	3506	10378	6876	17254	42	8	49	4468	1963	6431	154	502	14	252	3660	17756	64	6683	96	97	78	96	963	7379	22	2215
5245	Rocky Mountain Deformed Belt	Gas	176	22	198	8662	6447	15109	296	103	399	1916	1199	3115	6	3186	76	613	204	18295	475	3728	97	83	84	84	28	9633	179	1812
5246	Mackenzie Foldbelt	Gas	0	0	0	379	252	631	0	0	0	63	42	105	0	43	1	8	0	674	1	113	NA	94	0	93	0	295	1	50
5301	Tampico-Misantla Basin	Oil	5773	1122	6895	2354	4306	6661	0	0	0	6165	1840	8005	893	2051	119	1354	7787	8712	119	9359	89	76	0	86	2015	6358	119	3194
5302	Veracruz Basin	Oil	51	79	130	335	270	605	0	1	1	107	125	232	955	5832	288	2214	1085	6437	288	2446	12	9	0	9	1034	6102	288	2339
5304	Saline-Comalcalco Basin	Oil	1673	686	2359	1023	1223	2246	0	0	0	1844	889	2733	7018	16423	895	10650	9377	18669	895	13383	25	12	0	20	7703	17645	895	11539
5305	Villahermosa Uplift	Oil	14640	20382	35022	13888	27404	41292	50	44	94	17004	24993	41997	7436	15623	918	10957	42457	56915	1011	52955	82	73	9	79	27818	43027	961	35950
5306	Macuspana Basin	Oil	2	4	6	8	8	16	1	0	1	4	5	9	101	210	12	149	108	225	13	158	6	7	5	6	105	217	12	154
5307	Campeche-Sigsbe Salt Basin	Oil	0	0	0	0	0	0	0	0	0	0	0	0	2478	5565	309	3714	2478	5565	309	3714	0	0	0	0	2478	5565	309	3714
5308	Yucatan Platform	Oil	0	0	0	0	0	0	0	0	0	0	0	0	754	1496	89	1092	754	1496	89	1092	0	0	0	0	754	1496	89	1092
5310	Sierra Madre de Chiapas-Peten Foldbelt	NA	NA	NA	NA	NA	NA	NA	NA	NA	NA	NA	NA	NA	890	1846	110	1307	NA	NA	NA	NA	NA	NA	NA	NA	NA	NA	NA	NA
5316	Trans-Mexican Neovolcanic Axis	NA	NA	NA	NA	NA	NA	NA	NA	NA	NA	NA	NA	NA	30	195	10	72	NA	NA	NA	NA	NA	NA	NA	NA	NA	NA	NA	NA
5317	Chicontepec Basin	Oil	0	0	0	0	2	2	0	0	0	0	0	0	15	32	2	22	15	34	2	22	1	6	0	2	15	34	2	22
6021	Guyana-Suriname Basin	Oil	17	46	63	0	0	0	0	0	0	17	46	63	15247	42058	2330	24586	15310	42058	2330	24649	0	0	0	0	15293	42058	2330	24632
6022	Foz do Amazonas Basin	NA	NA	NA	NA	NA	NA	NA	NA	NA	NA	NA	NA	NA	0	29840	298	5272	NA	NA	NA	NA	NA	NA	NA	NA	NA	NA	NA	NA
6029	Sergipe-Alagoas Basin	Oil	469	223	692	348	1059	1407	1	2	3	528	402	929	1487	8334	415	3292	2179	9741	418	4221	32	14	1	22	1711	9393	417	3693
6034	Espirito Santo Basin	Oil	93	37	130	42	180	222	0	1	1	100	68	169	2959	34287	1612	10285	3089	34509	1614	10454	4	1	0	2	2995	34467	1614	10354
6035	Campos Basin	Oil	1769	8287	10056	303	5941	6244	0	10	10	1819	9287	11107	16293	19691	553	20128	26349	25935	563	31235	38	24	2	36	24580	25632	563	29415
6036	Santos Basin	Oil	6	279	285	12	1113	1125	4	40	44	12	505	517	23209	80547	4194	40828	23494	81672	4238	41344	1	1	1	1	23488	81660	4235	41332
6037	Pelotas Basin	Oil	0	0	0	0	0	0	0	0	0	0	0	0	2938	22806	1107	7846	2938	22806	1107	7846	0	0	0	0	2938	22806	1107	7846
6041	Putumayo-Oriente-Maranon Basin	Oil	2889	3712	6601	661	955	1616	0	0	0	2999	3871	6871	3098	1596	55	3418	9699	3212	55	10289	68	50	0	67	6810	2552	55	7290
6045	Santa Cruz-Tarija Basin	Oil	257	63	320	6928	10058	16985	243	305	548	1655	2045	3699	2145	31107	1300	8629	2466	48092	1847	12328	13	35	30	30	2209	41165	1604	10674
6055	Neuquen Basin	Oil	1532	838	2370	7636	13068	20704	79	260	338	2883	3276	6159	1290	12416	203	3562	3659	33119	542	9721	65	63	62	63	2128	25483	463	6838
6058	San Jorge Basin	Oil	2445	900	3346	1667	1898	3565	0	2	2	2723	1218	3942	498	3774	75	1203	3844	7339	77	5144	87	49	2	77	1398	5672	77	2421
6059	Magallanes Basin	Gas	595	620	1216	10053	14754	24807	88	123	211	2359	3202	5562	704	14040	310	3354	1920	38848	521	8915	63	64	41	62	1325	28794	433	6556
6060	Falklands Plateau	Oil	0	0	0	0	0	0	0	0	0	0	0	0	5833	16581	370	8967	5833	16581	370	8967	0	0	0	0	5833	16581	370	8967
6063	Malvinas Basin	Oil	0	10	10	0	75	75	0	2	2	0	25	25	1031	11327	362	3280	1041	11402	364	3305	1	1	1	1	1041	11402	364	3305
6081	Talara Basin	Oil	1346	326	1672	1951	941	2892	44	-44	0	1715	439	2154	1711	4795	255	2765	3383	7687	255	4919	49	38	0	44	2038	5736	211	3204
6083	Progreso Basin	Oil	122	53	175	148	350	498	0	0	0	147	111	258	237	695	33	385	412	1193	33	644	43	42	0	40	290	1044	33	497
6090	Middle Magdalena	Oil	1915	512	2426	2310	2692	5002	0	68	68	2300	1028	3328	709	3292	130	1388	3135	8294	198	4715	77	60	34	71	1220	5985	198	2416
6096	Llanos Basin	Oil	1179	4224	5402	139	15175	15314	0	451	451	1202	7203	8405	3631	6217	337	5004	9033	15651	788	13409	60	98	57	63	7855	21391	788	12207
6098	East Venezuela Basin	Oil	13808	16395	30203	22053	106066	128119	26	674	701	17509	34747	52257	11875	93561	4465	31934	42078	221679	5166	84191	72	58	14	62	28271	199627	5140	66682
6099	Maracaibo Basin	Oil	35581	13491	49072	979	25722	26701	1	42	43	35745	17820	53565	8183	17576	973	12086	57256	44277	1016	65651	86	60	4	82	21675	43298	1015	29906
6103	Tobago Trough	Gas	0	20	20	0	22600	22600	0	80	80	0	3867	3867	0	20103	201	3551	20	42703	281	7418	100	53	28	52	20	42703	281	7418
6107	Lesser Antilles Deformed Belt	Oil	8	2	11	16	7	22	0	0	0	11	3	14	1536	11957	582	4110	1546	11979	582	4124	1	0	0	0	1538	11963	582	4113
6117	Greater Antilles Deformed Belt	Oil	65	232	297	20	77	96	0	0	0	68	245	313	494	592	35	628	790	688	35	940	38	14	0	33	726	668	35	873
7013	Senegal	Oil	0	10	10	4	45	49	0	0	0	1	18	19	157	856	43	343	168	905	43	362	6	5	0	5	167	901	43	361
7183	Gulf of Guinea	Oil	74	162	236	46	1903	1949	0	36	36	81	515	596	1004	10071	282	2965	1240	12020	318	3561	19	16	11	17	1166	11974	318	3480
7192	Niger Delta	Oil	16598	17925	34522	6232	87579	93811	10	2832	2842	17646	35353	53000	40487	132716	6034	68640	75010	226526	8876	121640	46	41	32	44	58412	220295	8866	103994
7203	West-Central Coastal	Oil	5765	7952	13717	1150	11030	12180	0	64	64	5957	9854	15811	29747	88044	4244	48665	43464	100223	4308	64476	32	12	1	25	37699	99074	4308	58519
7303	Orange River Coastal	Gas	0	0	0	0	6015	6015	0	0	0	0	1003	1003	116	3603	163	879	116	9618	163	1882	0	63	0	53	116	9618	163	1882
8002	Himalayan	NA	NA	NA	NA	NA	NA	NA	NA	NA	NA	NA	NA	NA	0	0	0	0	NA	NA	NA	NA	NA	NA	NA	NA	NA	NA	NA	NA
8023	Central Afghanistan	Gas	0	0	0	27	244	271	0	0	0	5	41	45	0	0	0	0	0	271	0	45	NA	100	NA	100	0	244	0	41
8025	Sulaiman-Kirthar	Gas	0	0	0	6716	9061	15777	2	25	27	1121	1535	2657	12	12599	442	2553	12	28376	469	5210	0	56	6	51	12	21659	467	4089
8026	Kohat-Potwar	Oil	201	120	321	784	1147	1931	9	32	41	341	343	684	149	1314	54	422	469	3245	95	1106	68	60	43	62	268	2460	86	765
8034	Assam	Oil	911	1625	2536	2039	4495	6534	0	5	5	1251	2379	3630	399	1178	67	663	2935	7712	72	4292	86	85	7	85	2024	5673	72	3042
8035	North Burma	Oil	1	0	1	1	10	11	0	0	0	2	2	3	0	0	0	0	1	11	0	3	100	100	NA	100	0	10	0	2
8042	Indus	Gas	111	70	180	8385	11211	19596	4	32	36	1512	1970	3482	103	15964	565	3328	283	35560	601	6811	64	55	6	51	173	27175	597	5299
8043	Bombay	Oil	3375	5065	8440	6228	17965	24193	4	263	267	4417	8323	12740	2091	12944	418	4666	10531	37137	685	17406	80	65	39	73	7156	30909	681	12989
8047	Ganges-Brahmaputra Delta	Gas	3	3	5	2669	9620	12289	3	48	51	451	1654	2105	103	55091	273	9558	108	67380	325	11663	5	18	16	18	105	64711	321	11212
8048	Irrawaddy	Gas	527	188	715	721	9288	10009	2	61	63	649	1797	2446	724	20521	785	4930	1439	30530	848	7376	50	33	7	33	912	29809	846	6726
