Province Code	Province Name	Field Type	Province Probability	Oil F95 (MMBO)	Oil F50 (MMBO)	Oil F5 (MMBO)	Oil Mean (MMBO)	Gas F95 (BCFG)	Gas F50 (BCFG)	Gas F5 (BCFG)	Gas Mean (BCFG)	NGL F95 (MMBNGL)	NGL F50 (MMBNGL)	NGL F5 (MMBNGL)	NGL Mean (MMBNGL)
1008	Timan-Pechora Basin	oil	1	2637.059819	5347.727812	10057.49871	5732.076202	1921.929096	4621.330539	9818.579396	5089.999332	104.503865	270.6159442	624.3497381	305.4823253
1008	Timan-Pechora Basin	gas	1	NA	NA	NA	NA	15445.29172	43552.71104	89681.92716	46988.98361	567.9378046	1691.105318	3821.536799	1880.114209
1009	Dnieper-Donets Basin	oil	1	85.80847409	1019.179751	2352.808649	1098.378358	158.4810639	1969.540157	4954.032837	2195.432415	8.812858039	114.7419971	310.5707364	131.6854494
1009	Dnieper-Donets Basin	gas	1	NA	NA	NA	NA	6827.695983	21233.36522	38416.03157	21855.88309	167.7872144	681.453331	1449.742811	730.5098736
1015	Volga-Ural Region	oil	1	1196.148555	2462.224825	4161.801208	2548.554564	337.2425627	732.7318871	1338.203128	771.8602883	18.37651046	42.80893026	86.02790622	46.30649953
1015	Volga-Ural Region	gas	1	NA	NA	NA	NA	1171.956041	2970.218246	5848.816039	3169.486271	53.74549961	139.8535009	290.0200084	151.5774394
1016	North Caspian Basin	oil	1	7151.06206	21247.0363	46658.15994	23319.89864	12780.67596	39614.50927	93104.27874	44587.67348	708.3854574	2324.099932	5864.636724	2674.92075
1016	North Caspian Basin	gas	1	NA	NA	NA	NA	21662.93703	65584.00137	158094.5831	74463.45867	706.6395898	2332.953093	6153.370067	2736.740294
1050	South Barents Basin	oil	1	52.03407719	184.6824673	503.2751659	218.8564018	125.3284652	453.9419727	1291.309542	547.5557045	7.010313328	26.56820062	80.22306347	32.85080225
1050	South Barents Basin	gas	1	NA	NA	NA	NA	46357.50158	146107.0964	320681.9506	160309.8918	860.2314873	2888.076283	7233.276515	3315.844341
1059	Ludlov Saddle	oil	1	9.18248421	32.59102364	88.81326458	38.62171796	22.11678797	80.10740695	227.8781545	96.62747727	1.237114117	4.688505993	14.1570112	5.797200397
1059	Ludlov Saddle	gas	1	NA	NA	NA	NA	8180.735573	25783.60524	56590.93245	28289.9809	151.8055566	509.6605206	1276.460562	585.1490014
1060	North Barents Basin	oil	0.95	21.37443751	121.3620974	287.0748767	135.1486216	43.80735286	299.5044038	738.7362755	338.4377923	2.073835028	17.61659617	46.2287034	20.3381103
1060	North Barents Basin	gas	0.95	NA	NA	NA	NA	2560.274381	54525.23906	126925.8648	59481.97417	43.91766725	1074.073853	2838.000972	1229.773667
1108	Azov-Kuban Basin	oil	1	126.1640124	384.4852528	816.7606189	417.3767899	155.5869754	543.6223581	1479.272876	645.0872803	8.724400841	31.82653511	91.93089182	38.7102105
1108	Azov-Kuban Basin	gas	1	NA	NA	NA	NA	4308.710701	11002.50312	20820.69036	11606.44744	55.38444541	158.7384307	358.3346128	176.5347321
1109	Middle Caspian Basin	oil	1	1827.587711	4736.821114	8469.507926	4887.124559	3708.389316	10655.97939	20998.5965	11268.71091	211.9101369	618.9667549	1230.902474	655.8722095
1109	Middle Caspian Basin	gas	1	NA	NA	NA	NA	6103.232297	28743.84333	50912.61409	28416.67352	159.0905907	1007.188424	1887.049766	1013.785878
1112	South Caspian Basin	oil	1	4021.659057	14610.45051	31063.38273	15724.87672	12452.42862	47807.17492	110766.2438	52956.27363	698.1352914	2786.701603	6964.608075	3174.568139
1112	South Caspian Basin	gas	1	NA	NA	NA	NA	31628.98181	112900.2386	233246.3771	120353.8835	1219.241451	4518.419431	10072.43875	4940.148064
1150	North Ustyurt Basin	oil	1	167.916876	792.9003287	2289.071187	953.714798	40.89116627	168.3356452	471.2394934	200.8721216	1.761655652	6.994421435	20.18454079	8.479092699
1150	North Ustyurt Basin	gas	1	NA	NA	NA	NA	679.9822735	9571.143158	25259.59935	10569.14934	18.74929076	382.0485049	1100.135046	435.7497163
1154	Amu-Darya Basin	oil	1	92.70119734	252.9001346	506.563379	270.2741366	498.5410627	1426.261144	3198.325459	1581.898146	27.44623883	83.70370444	201.8393696	94.84365538
1154	Amu-Darya Basin	gas	1	NA	NA	NA	NA	46336.15996	150583.8568	317319.2517	162068.4924	1022.983281	3507.646246	8127.389975	3900.635373
1174	West Siberian Basin	oil	1	17016.60382	51058.68928	106708.5352	55235.17719	34171.27628	112310.9323	261560.564	125517.367	1895.21431	6542.879415	16511.0868	7527.282425
1174	West Siberian Basin	gas	1	NA	NA	NA	NA	138942.0194	469655.5142	1053881.423	517416.376	3238.46825	11426.68956	27919.45398	12945.4847
1207	Baykit Arch	oil	1	146.9572202	1006.526529	2978.840801	1212.649411	695.4275692	4863.72955	15455.8947	6053.690542	39.76696295	282.2653216	957.9036293	362.3764891
1207	Baykit Arch	gas	1	NA	NA	NA	NA	1108.688842	9283.655311	26349.97615	10929.30454	48.63157712	406.5582146	1231.815954	491.6171267
1209	Angara-Lena Terrace	oil	1	56.39456792	213.2384347	523.1228203	241.6364369	264.1188887	1036.666657	2736.619682	1207.781751	14.84139584	60.24865129	170.9199172	72.3554371
1209	Angara-Lena Terrace	gas	1	NA	NA	NA	NA	3740.252692	9451.987373	15444.04495	9496.733504	160.228031	412.2407037	747.1644827	427.8154671
1210	Nepa-Botuoba Arch	oil	1	281.9728396	1066.192173	2615.614101	1208.182184	1320.594444	5183.333286	13683.09841	6038.908754	74.20697922	301.2432564	854.5995862	361.7771855
1210	Nepa-Botuoba Arch	gas	1	NA	NA	NA	NA	9425.436785	23819.00818	38918.99327	23931.76843	403.774638	1038.846573	1882.854496	1078.094977
1211	Cis-Patom Foredeep	oil	1	37.59637862	142.1589565	348.7485469	161.0909579	176.0792592	691.1111048	1824.413121	805.1878338	9.894263896	40.16576753	113.9466115	48.23695807
1211	Cis-Patom Foredeep	gas	1	NA	NA	NA	NA	1795.321292	4536.953939	7413.141576	4558.432082	76.90945487	197.8755378	358.6389517	205.3514242
1322	North Sakhalin Basin	oil	1	673.1277251	2356.344307	5224.705769	2581.749011	3279.093698	11664.11065	26847.55339	12902.9776	183.2256657	677.961342	1688.405959	774.3913088
1322	North Sakhalin Basin	gas	1	NA	NA	NA	NA	10736.35834	40858.50756	90439.17601	44548.39078	520.134268	2000.655495	4679.676653	2224.911509
2004	Ma'Rib-Al Jawf/Masila Basin	oil	1	359.8682228	935.8059328	1628.287709	959.1317289	1335.504874	3629.136548	7054.64284	3839.530574	74.35619716	211.6261908	453.2072595	230.6965609
2004	Ma'Rib-Al Jawf/Masila Basin	gas	1	NA	NA	NA	NA	929.546253	2051.185542	3447.336183	2104.250463	37.19748134	87.70801535	164.6718662	92.5523001
2006	Shabwah Basin	oil	1	257.0487306	668.4328091	1163.062649	685.094092	953.9320532	2592.240391	5039.0306	2742.521839	53.1115694	151.1615649	323.7194711	164.7832578
2006	Shabwah Basin	gas	1	NA	NA	NA	NA	663.9616093	1465.13253	2462.382988	1503.036045	26.56962953	62.64858239	117.6227616	66.10878578
2009	Masila-Jeza Basin	oil	1	411.277969	1069.492495	1860.900239	1096.150547	1526.291285	4147.584626	8062.44896	4388.034942	84.97851104	241.8585038	517.9511537	263.6532125
2009	Masila-Jeza Basin	gas	1	NA	NA	NA	NA	1062.338575	2344.212048	3939.812781	2404.857671	42.51140725	100.2377318	188.1964185	105.7740573
2010	Ghudun-Khasfeh Flank Province	oil	1	147.4743276	777.8058934	2206.614502	926.443927	417.5957918	2256.866247	6877.818136	2781.699954	23.66249964	132.0975679	428.1775994	166.8874653
2010	Ghudun-Khasfeh Flank Province	gas	1	NA	NA	NA	NA	724.5452172	2620.345503	5641.411576	2841.537453	54.22751861	203.6354897	482.7186907	227.5080463
2011	South Oman Salt Basin	oil	1	28.6830444	88.96683736	188.4793431	96.569307	83.10102479	264.206901	583.8216506	289.9367767	6.046283532	19.53255267	44.74217413	21.73558214
2011	South Oman Salt Basin	gas	1	NA	NA	NA	NA	264.2493017	887.0700312	1822.34075	945.8027425	9.029214913	30.66103942	65.24833621	33.09379008
2013	Huqf-Haushi Uplift	oil	1	8.825552122	27.3744115	57.99364403	29.71363292	25.56954609	81.29443107	179.637431	89.21131592	1.860394933	6.010016206	13.76682281	6.687871427
2013	Huqf-Haushi Uplift	gas	1	NA	NA	NA	NA	88.08310055	295.6900104	607.4469165	315.2675808	3.009738304	10.22034647	21.7494454	11.03126336
2014	Ghaba Salt Basin	oil	1	110.3194015	342.1801437	724.9205504	371.4204115	319.6193261	1016.180388	2245.467887	1115.141449	23.25493666	75.12520257	172.0852851	83.59839284
2014	Ghaba Salt Basin	gas	1	NA	NA	NA	NA	1101.038757	3696.12513	7593.086457	3940.84476	37.6217288	127.7543309	271.8680676	137.890792
2015	Central Oman Platform	oil	1	110.4250811	380.6937129	885.2999587	424.4180812	195.9183555	660.7928935	1563.087608	741.259344	10.00872385	33.65961587	79.86936812	37.83179361
2015	Central Oman Platform	gas	1	NA	NA	NA	NA	765.2817718	2317.362859	4812.823981	2497.273696	26.04206846	80.48793332	172.8618741	87.64631661
2016	Fahud Salt Basin	oil	1	239.1192925	902.1234641	2202.933398	1020.248304	302.1407613	1087.86669	2713.291458	1241.838054	10.8287481	39.86631646	100.523919	45.62377022
2016	Fahud Salt Basin	gas	1	NA	NA	NA	NA	1176.644719	3329.428152	7084.774514	3636.403364	40.13852028	117.0617224	258.6417639	129.2474516
2017	Oman Mountains	oil	1	3.725838443	19.14551553	51.50498342	22.28689823	1.796324885	9.405008686	26.47373701	11.16203684	0.089104367	0.468782306	1.333109202	0.558191469
2017	Oman Mountains	gas	1	NA	NA	NA	NA	1.607412634	7.801861468	29.48995641	10.61450644	0.079638109	0.388481099	1.487700836	0.531151769
2019	Rub Al Khali Basin	oil	1	8675.760477	32520.1584	78411.08969	36647.16203	15111.6368	65011.94239	177630.6588	76746.11446	832.0639192	3742.546608	10945.23654	4534.73366
2019	Rub Al Khali Basin	gas	1	NA	NA	NA	NA	91331.89794	322141.5863	690919.9462	348965.9767	6288.901199	23085.58876	54254.61675	25733.5929
2020	Interior Homocline-Central Arch	oil	1	6335.167313	16012.48713	28113.1204	16494.97077	8011.291529	20881.52599	38935.15153	21842.05266	429.2921855	1177.412105	2428.584461	1270.624214
2020	Interior Homocline-Central Arch	gas	1	NA	NA	NA	NA	38353.62383	98593.28188	167471.5882	100231.7452	3011.568871	7804.447653	13723.99883	8020.85284
2021	Greater Ghawar Uplift	oil	1	5504.970608	13503.39549	23225.14744	13829.75309	4539.665958	11556.64989	21322.611	12069.0312	181.1520668	482.1972276	976.2231828	517.5499404
2021	Greater Ghawar Uplift	gas	1	NA	NA	NA	NA	86833.24931	207204.8672	369120.4922	214900.3253	4384.843522	11032.40279	20902.40314	11632.00137
2022	Qatar Arch	oil	1	1779.431936	4792.249068	9038.38667	5025.920366	2217.181813	6473.703752	13444.76682	6989.064455	100.1345583	315.351341	728.7840116	351.9271416
2022	Qatar Arch	gas	1	NA	NA	NA	NA	3081.769267	9725.775437	19867.57684	10395.56824	180.2325724	579.7814333	1264.473708	632.4857083
2023	Widyan Basin-Interior Platform	oil	1	7984.437712	20708.30069	36026.28427	21215.05689	6710.468105	18242.84032	34658.39955	19146.05735	314.5630389	905.7993693	1901.124065	980.4513672
2023	Widyan Basin-Interior Platform	gas	1	NA	NA	NA	NA	27031.69313	73698.30077	129996.6441	75600.26689	2079.1679	5671.533643	10281.43761	5868.274857
2024	Mesopotamian Foredeep Basin	oil	1	20347.69406	58050.81742	111993.4972	61133.99984	20023.7468	59291.30674	124364.2993	64116.85928	591.8129719	1810.906231	4010.293284	1990.695463
2024	Mesopotamian Foredeep Basin	gas	1	NA	NA	NA	NA	6759.924604	18846.6055	34923.86454	19605.20319	365.5306535	1021.257679	1990.905993	1080.164024
2025	Hail-Ga'Ara Arch	oil	1	15.08479973	48.76479522	102.8140666	52.64481284	22.03388733	72.30304902	158.8665135	78.96111509	1.229290155	4.220253365	10.03625386	4.741178388
2025	Hail-Ga'Ara Arch	gas	1	NA	NA	NA	NA	397.7560509	1172.552291	2133.751045	1211.244271	31.31184571	93.11070091	173.7905338	96.85511555
2028	Rutbah Uplift	oil	1	15.08479973	48.76479522	102.8140666	52.64481284	22.03388733	72.30304902	158.8665135	78.96111509	1.229290155	4.220253365	10.03625386	4.741178388
2028	Rutbah Uplift	gas	1	NA	NA	NA	NA	397.7560509	1172.552291	2133.751045	1211.244271	31.31184571	93.11070091	173.7905338	96.85511555
2029	Wadi-Surhan Basin	oil	1	0	0	0	0	0	0	0	0	0	0	0	0
2029	Wadi-Surhan Basin	gas	1	NA	NA	NA	NA	2585.414331	7621.589891	13869.38179	7873.087762	203.5269971	605.2195559	1129.63847	629.5582511
2030	Zagros Fold Belt	oil	1	13939.22685	42607.01824	86167.81634	45458.54614	18990.41878	61661.8607	138136.5635	67970.03581	811.0211326	2785.729841	6801.756299	3163.68094
2030	Zagros Fold Belt	gas	1	NA	NA	NA	NA	44582.86152	135046.1233	272700.8738	144037.5117	1814.605138	5761.931804	12740.23175	6335.548629
2031	Zagros Thrust Zone	oil	1	11.43941598	36.68761641	67.03936986	37.72837639	16.64042626	54.17384524	104.3227361	56.60762823	0.931578895	3.147588975	6.68712566	3.396849432
2031	Zagros Thrust Zone	gas	1	NA	NA	NA	NA	272.7681024	888.3634466	1616.189519	909.6512706	11.24096466	37.75203436	76.2638798	39.98956948
2043	Sirte Basin	oil	1	2600.333863	6148.043	12351.98629	6854.448463	1683.324404	4318.255257	15678.8648	6618.233441	99.91846684	258.1294034	945.8861121	397.3168767
2043	Sirte Basin	gas	1	NA	NA	NA	NA	2467.253288	5618.185114	18739.97189	8366.040726	70.78486347	166.1495007	575.502394	250.874782
2047	Hamra Basin	oil	1	19.79816924	79.85151942	190.4012321	89.2295272	25.47615177	105.8398309	274.6560552	122.2004039	0.959648525	4.120138522	11.51437732	4.887887831
2047	Hamra Basin	gas	1	NA	NA	NA	NA	28.06876447	106.2146368	249.3720177	118.4949576	2.959846836	11.51028091	29.59516132	13.28139666
2048	Pelagian Basin	oil	1	310.4081177	1141.22116	2632.673006	1267.582582	554.2655354	2106.042744	5293.939104	2411.877292	14.14747693	56.02011475	150.5328487	65.64000102
2048	Pelagian Basin	gas	1	NA	NA	NA	NA	717.7984183	2818.260983	6634.620676	3144.220928	14.33147576	56.00188634	141.2914298	64.10372342
2054	Trias/Ghadames Basin	oil	1	1442.633366	5787.718789	13826.20596	6477.015724	1765.445513	7434.645282	19461.63909	8607.79406	66.38186802	289.0199072	814.7451501	344.7357221
2054	Trias/Ghadames Basin	gas	1	NA	NA	NA	NA	1967.037201	7891.619944	19075.87344	8885.137769	177.1150521	714.7992241	1867.752501	828.850415
2056	Illizi Basin	oil	1	630.3017963	2639.411016	6283.713397	2947.155597	2692.087391	11599.24584	30137.34884	13414.69428	56.51335675	250.5834496	702.1935525	298.0304031
2056	Illizi Basin	gas	1	NA	NA	NA	NA	5849.532331	14396.50411	24652.67579	14723.37133	217.7891557	567.6753957	1098.606321	601.4835587
2058	Grand Erg/Ahnet Basin	oil	1	174.0291594	521.1817073	1249.649943	598.6569231	195.7117059	625.3425061	2032.586476	827.7922745	9.505644188	32.27161958	117.4684796	44.9491059
2058	Grand Erg/Ahnet Basin	gas	1	NA	NA	NA	NA	1822.709437	6293.293956	18301.74608	7835.851147	78.01742219	283.542863	879.375886	361.8040792
2071	Red Sea Basin	oil	1	1548.049149	4964.225254	9770.571883	5187.003515	2465.781467	9115.763235	20765.59124	9965.219946	139.4336922	510.4906614	1182.514789	563.9891979
2071	Red Sea Basin	gas	1	NA	NA	NA	NA	12832.6536	48377.98159	94983.34203	50046.83936	727.0857785	2655.907562	5334.447405	2780.317161
2074	Khleisha Uplift	oil	1	30.16959946	97.52959044	205.6281332	105.2896257	44.06777465	144.606098	317.733027	157.9222302	2.45858031	8.44050673	20.07250773	9.482356777
2074	Khleisha Uplift	gas	1	NA	NA	NA	NA	795.5121018	2345.104582	4267.502089	2422.488542	62.62369142	186.2214018	347.5810677	193.7102311
2075	Euphrates/Mardin	oil	1	237.3607528	706.9894148	1397.852593	749.1068963	220.217775	685.1993405	1494.033625	749.1645344	5.214372276	16.90861121	38.55462939	18.73190329
2075	Euphrates/Mardin	gas	1	NA	NA	NA	NA	0	0	0	0	0	0	0	0
2089	Anah Graben	oil	1	7.542399864	24.38239761	51.40703329	26.32240642	11.01694366	36.15152451	79.43325674	39.48055754	0.614645077	2.110126683	5.018126932	2.370589194
2089	Anah Graben	gas	1	NA	NA	NA	NA	0	0	0	0	0	0	0	0
3115	Junggar Basin	oil	1	141.8739685	507.2825697	1171.12618	563.403171	91.73353799	345.0948237	864.7963165	394.4606442	5.133446133	20.12823009	54.32804937	23.6518213
3115	Junggar Basin	gas	1	NA	NA	NA	NA	272.3574492	844.5251659	1722.767689	901.7037083	11.09024507	36.1171687	80.42555857	39.69804241
3127	Bohaiwan Basin	oil	1	1470.149736	4039.210671	8553.20291	4411.731954	824.9525915	2349.729943	5412.999407	2633.084039	45.33299251	137.4546283	340.7709578	157.9647014
3127	Bohaiwan Basin	gas	1	NA	NA	NA	NA	1350.889422	5211.447147	12690.42753	5880.774643	55.62692931	222.9972446	587.5953625	259.2286897
3128	Ordos Basin	oil	1	41.6189309	127.853994	266.2103087	138.3317458	5.187715489	17.59169224	43.03475934	19.99127878	0.290412837	1.02679511	2.706198347	1.200357809
3128	Ordos Basin	gas	1	NA	NA	NA	NA	0	0	0	0	0	0	0	0
3142	Sichuan Basin	oil	1	7.698931101	25.22384148	53.99846111	27.45260864	35.86369814	122.7299541	287.5371915	137.411188	1.993393541	7.160820966	18.2676903	8.256817385
3142	Sichuan Basin	gas	1	NA	NA	NA	NA	2345.20428	9342.403951	21130.91979	10173.63284	95.79363032	398.7407499	983.7249725	447.4835999
3144	Songliao Basin	oil	1	523.5321789	1015.867878	1560.486383	1026.265176	154.6714143	326.0015871	570.0893716	339.5663976	8.370819797	19.01858989	36.97205002	20.3588083
3144	Songliao Basin	gas	1	NA	NA	NA	NA	2350.578769	5065.86031	9345.213931	5366.561301	74.09277061	175.3922131	362.7685633	191.3599812
3154	Tarim Basin	oil	1	1139.175446	5266.097879	12966.37269	5948.046703	3142.975639	14898.43027	40090.86118	17384.04962	218.7439018	1066.454402	3082.965005	1284.478374
3154	Tarim Basin	gas	1	NA	NA	NA	NA	10276.39364	38188.45257	88912.52085	42555.14079	449.7299076	1760.404314	4491.416884	2027.151278
3701	Baram Delta/Brunei-Sabah Basin	oil	1	1062.353202	3182.917071	6372.907919	3389.81154	2750.362397	8662.178795	19055.6283	9497.193121	152.2274636	505.4278106	1209.367432	569.7745098
3701	Baram Delta/Brunei-Sabah Basin	gas	1	NA	NA	NA	NA	3752.765042	12498.63351	27878.46998	13728.85326	151.9072572	533.5038179	1293.083314	603.8229433
3702	Greater Sarawak Basin	oil	1	149.3904771	558.3469863	1356.60286	631.3148884	308.4095941	1188.144165	3141.167437	1387.054247	17.33780698	69.28232792	197.4878677	83.32170916
3702	Greater Sarawak Basin	gas	1	NA	NA	NA	NA	6045.91087	16703.15067	33254.5083	17859.93096	115.9083406	343.5602298	761.045297	378.5897623
3703	Malay Basin	oil	1	341.1475349	1112.777262	2480.441972	1227.82722	1521.511932	5190.35105	12618.13069	5890.865314	19.89512218	70.70909902	185.1762462	82.39268956
3703	Malay Basin	gas	1	NA	NA	NA	NA	6407.250168	20050.75425	41418.06433	21573.79301	119.3492265	389.2582112	885.3263631	431.5918662
3808	Central Sumatra Basin	oil	1	376.5186588	876.3385845	1494.293193	899.4044275	207.9713888	508.7050999	970.6233859	539.0015385	4.524813535	11.90719845	24.94211493	12.92337794
3808	Central Sumatra Basin	gas	1	NA	NA	NA	NA	1537.821693	3309.46675	6299.093049	3539.181208	27.74622494	64.76003213	135.0570489	70.83535943
3817	Kutei Basin	oil	1	1385.96581	4790.461217	10066.89499	5144.955855	3625.027617	12966.09431	29921.72358	14393.82762	202.5869444	754.059313	1885.338503	862.9708212
3817	Kutei Basin	gas	1	NA	NA	NA	NA	14643.78289	46796.40723	97973.20496	50363.03356	350.3754564	1143.909238	2554.684853	1259.171899
3822	North Sumatra Basin	oil	1	54.03040835	189.575977	446.9315017	213.13821	99.18951391	368.8769852	940.2492519	426.3197457	5.394046999	21.51909321	59.10585395	25.57372361
3822	North Sumatra Basin	gas	1	NA	NA	NA	NA	3943.952627	13815.14363	27909.88361	14696.18571	34.14560449	135.9505809	336.8602237	154.9683079
3824	Northwest Java Basin	oil	1	250.8344509	617.8934352	1192.599179	657.5870078	241.120556	611.1172298	1288.224735	668.7486108	10.10183131	26.83565144	61.434251	30.14681362
3824	Northwest Java Basin	gas	1	NA	NA	NA	NA	2769.021344	6426.511692	11961.60356	6784.514913	25.19677243	68.85400584	159.6722442	77.43743505
3828	South Sumatra Basin	oil	1	204.7701221	441.5925754	824.4656567	468.8169559	368.0047656	861.6944084	1759.169124	938.4857674	20.05160229	50.35683432	112.4781848	56.3181594
3828	South Sumatra Basin	gas	1	NA	NA	NA	NA	6582.731925	16651.50102	30239.8313	17311.76933	58.75105813	164.0773311	371.8338371	182.813884
3910	Bonaparte Gulf Basin	oil	1	382.7905094	1161.785741	2605.395865	1286.092256	777.8494916	2484.553709	6098.280435	2834.471083	43.59964485	145.3630883	380.4760174	170.1704409
3910	Bonaparte Gulf Basin	gas	1	NA	NA	NA	NA	4930.283809	18537.49591	43395.04595	20657.94438	201.3433631	793.6593675	2014.041563	909.5120692
3913	Browse Basin	oil	1	228.993281	855.1134302	2605.912517	1055.468058	669.9470587	2535.667985	7930.41525	3162.625951	37.80762292	148.2703939	487.5217871	189.7884102
3913	Browse Basin	gas	1	NA	NA	NA	NA	4176.394097	14578.6403	37730.80847	16930.13598	173.299642	622.9219458	1717.298251	744.5430591
3930	Gippsland Basin	oil	1	102.6100251	288.3751726	582.9184299	309.5168515	265.991288	785.114707	1747.143848	866.606492	14.7803219	45.89388196	109.7576986	51.99502965
3930	Gippsland Basin	gas	1	NA	NA	NA	NA	976.5586057	4261.047279	10373.23278	4791.486125	57.18887604	252.2893889	637.8312554	287.1079218
3948	Northwest Shelf	oil	1	862.2439501	2335.504674	4051.824369	2380.894549	2403.746693	6583.562051	11972.96737	6800.170266	114.1305712	322.0631028	626.5297206	339.8937113
3948	Northwest Shelf	gas	1	NA	NA	NA	NA	19211.24249	57263.23826	99095.1714	57910.73795	1099.381675	3254.703267	5905.192574	3342.006382
4017	Vestford-Helgeland	oil	1	1380.16169	5847.882021	13913.60799	6538.337325	3864.431457	17103.25555	44675.17643	19795.53428	290.332137	1335.788343	3745.767966	1584.625371
4017	Vestford-Helgeland	gas	1	NA	NA	NA	NA	9830.584495	123237.4367	350817.6882	145405.5862	615.5706979	6131.012895	18347.02592	7405.66733
4025	North Sea Graben	oil	1	4250.69929	11977.69494	25560.3042	13098.478	3548.28725	10603.26402	24929.9694	11967.14889	196.7260562	619.8538229	1570.774246	717.22057
4025	North Sea Graben	gas	1	NA	NA	NA	NA	8286.805191	23646.37573	50040.7484	25777.80242	337.5320453	1019.163554	2353.620917	1141.597386
4035	Northwest German Basin	oil	1	17.31346353	50.48666044	110.6969348	55.52648181	14.3113431	44.07347006	105.5994159	49.99638041	0.025566701	0.08737943	0.245893668	0.105727792
4035	Northwest German Basin	gas	1	NA	NA	NA	NA	4271.592855	10361.63151	18384.52509	10763.87883	7.575940968	20.43189555	45.65115271	22.72217635
4036	Anglo-Dutch Basin	oil	1	21.75400037	78.83484611	183.6465051	87.73968831	11.94777597	41.83502467	103.0350338	47.59927214	0.440033195	1.73917522	4.717196075	2.049624833
4036	Anglo-Dutch Basin	gas	1	NA	NA	NA	NA	3590.756553	13512.25592	30964.98016	14928.27201	9.754085747	38.26338877	97.83038314	44.02094265
4047	North Carpathian Basin	oil	1	123.3176533	358.8832084	756.2050148	390.7651764	330.776963	1016.008074	2328.391268	1134.70688	18.34224205	59.20938785	147.1324048	67.97699681
4047	North Carpathian Basin	gas	1	NA	NA	NA	NA	1328.127188	3593.505276	7522.914408	3913.903164	12.85732863	39.19880142	91.45778818	44.0303977
4048	Pannonian Basin	oil	1	153.354606	338.8261655	631.4414474	359.4005148	132.4120805	343.6956776	790.1573344	386.8388262	4.737315404	12.94307666	31.77172994	14.90490842
4048	Pannonian Basin	gas	1	NA	NA	NA	NA	1555.848632	3562.806103	6582.053504	3756.413646	38.62893911	102.7853654	221.0407983	112.8376354
4057	Transylvanian Basin	oil	1	0	0	0	0	0	0	0	0	0	0	0	0
4057	Transylvanian Basin	gas	1	NA	NA	NA	NA	460.1635569	1845.673376	4489.781982	2083.094598	1.352275356	5.561426974	14.80116095	6.479038286
4060	Po Basin	oil	1	38.78116211	293.2438434	915.707462	360.4402376	81.19739169	625.4799439	2077.189927	792.4756211	4.679924925	36.40461799	129.4153398	47.61623515
4060	Po Basin	gas	1	NA	NA	NA	NA	6518.777833	15997.61185	31389.12144	17171.68926	15.92721043	61.24578365	178.1986207	74.1778767
4061	Carpathian-Balkanian Basin	oil	1	353.7848419	928.8853161	1936.903374	1012.85086	345.0339226	985.5171842	2254.187207	1103.451423	9.534487424	28.82505452	71.19079271	33.0907736
4061	Carpathian-Balkanian Basin	gas	1	NA	NA	NA	NA	535.1261855	1877.736384	4277.010285	2075.842702	19.97567053	72.72104089	181.2029111	83.06253098
4068	Provence Basin	oil	0.6	0	216.2859175	1398.849043	388.2937267	0	453.9753309	3148.873921	856.2766936	0	26.07742231	192.5793739	51.42627623
4068	Provence Basin	gas	0.6	NA	NA	NA	NA	0	41207.42318	148530.5732	50354.05378	0	1714.700969	6808.741819	2213.51196
5200	East Greenland Rift Basins	oil	0.7	0	49683.71194	111814.9417	47147.76135	0	46606.73553	118596.9413	47147.98308	0	2642.282551	7499.341833	2826.542949
5200	East Greenland Rift Basins	gas	0.7	NA	NA	NA	NA	0	34430.205	81179.02944	33560.8148	0	1297.394136	3458.103847	1343.243311
5215	Labrador-Newfoundland Shelf	oil	1	442.8667037	1617.703292	3722.656255	1796.301566	1600.91778	6360.001592	17947.35946	7588.533579	90.01389099	371.5135248	1120.349043	456.3299043
5215	Labrador-Newfoundland Shelf	gas	1	NA	NA	NA	NA	392.4604642	1193.280811	2577.100464	1303.982621	15.92893359	50.89513163	120.4358632	57.38637781
5243	Alberta Basin	oil	1	324.0051897	784.8131953	1416.33319	817.964082	249.9666036	644.0720279	1265.437607	685.7253309	13.82517835	37.56501863	81.09682872	41.20236322
5243	Alberta Basin	gas	1	NA	NA	NA	NA	4715.999396	10611.23994	19535.45662	11208.9484	108.8783032	265.0243223	537.7126592	286.787792
5244	"Williston Basin, Canada"	oil	1	58.67337752	142.6986283	285.2065234	153.8914975	25.07357436	65.42061674	143.499139	72.53508221	1.513047988	4.184174878	9.896205587	4.74448059
5244	"Williston Basin, Canada"	gas	1	NA	NA	NA	NA	206.793954	408.7792934	718.1027043	429.9243638	3.988221682	8.738981651	17.22519884	9.431297219
5245	Rocky Mountain Deformed Belt	oil	1	2.169526099	5.557270606	11.23147816	5.994162684	1.160745572	3.251696148	7.322376588	3.618062097	0.064258065	0.190381506	0.461574562	0.217321808
5245	Rocky Mountain Deformed Belt	gas	1	NA	NA	NA	NA	1327.37337	3006.612679	5578.000522	3182.303119	28.44019439	69.70454787	141.9485286	75.48840584
5246	Mackenzie Foldbelt	oil	1	0	0	0	0	0	0	0	0	0	0	0	0
5246	Mackenzie Foldbelt	gas	1	NA	NA	NA	NA	17.60355371	40.91298301	76.42647675	43.42129753	0.321510822	0.799161823	1.644663128	0.868611655
5301	Tampico-Misantla Basin	oil	1	186.9796107	773.1727618	2011.031606	892.5505465	356.163101	1525.888047	4248.5119	1812.909535	20.11385433	89.36386085	264.8919997	108.756521
5301	Tampico-Misantla Basin	gas	1	NA	NA	NA	NA	57.82097495	217.4461435	484.3134449	238.387371	2.363303559	9.276920633	22.47808288	10.47651357
5302	Veracruz Basin	oil	1	220.1597227	855.0539096	2023.420163	954.8683346	413.4358086	1694.670486	4354.390766	1953.052709	23.24188314	98.85210018	272.9286565	117.0797955
5302	Veracruz Basin	gas	1	NA	NA	NA	NA	937.5199701	3549.656233	7838.232147	3878.589266	38.28314586	151.4005558	363.9582662	170.4409301
5304	Saline-Comalcalco Basin	oil	1	2042.346347	6539.234021	13499.85789	7017.806644	2944.962719	9723.420501	21924.23607	10736.55283	164.2243364	567.0144962	1384.15151	644.9141545
5304	Saline-Comalcalco Basin	gas	1	NA	NA	NA	NA	674.3106795	4725.947848	13880.84692	5686.08794	28.19590274	201.8800865	633.9854695	249.8943474
5305	Villahermosa Uplift	oil	1	2477.571372	7218.367762	13114.28814	7435.734535	4479.227401	13579.56728	27298.88296	14406.97503	249.0921366	789.2896962	1738.267588	864.3527376
5305	Villahermosa Uplift	gas	1	NA	NA	NA	NA	133.1824276	909.5265861	3317.758239	1215.892681	5.591284489	38.90678578	150.0773738	53.43438342
5306	Macuspana Basin	oil	1	34.28578084	98.86003135	177.3706471	101.4576971	62.99567334	189.6383454	377.7912581	200.5860312	3.502679055	11.0194968	24.07388807	12.03276725
5306	Macuspana Basin	gas	1	NA	NA	NA	NA	1.07837091	6.004291152	26.81316294	8.982909667	0.045240549	0.257384221	1.204157907	0.394798907
5307	Campeche-Sigsbe Salt Basin	oil	1	605.8568714	1930.633644	5502.368801	2477.699224	883.5463821	2900.706801	9657.338087	4012.079658	49.26253937	169.1332525	603.0621208	240.9390499
5307	Campeche-Sigsbe Salt Basin	gas	1	NA	NA	NA	NA	174.4798316	1283.384858	3828.090371	1553.245713	7.314319474	54.82789988	174.7071627	68.26289116
5308	Yucatan Platform	oil	1	95.35131937	278.9761077	2266.585542	753.8700019	158.1703497	482.2551675	4558.303805	1437.148484	8.806124517	28.04863939	280.5588274	86.23721836
5308	Yucatan Platform	gas	1	NA	NA	NA	NA	11.18504498	46.91694172	146.9587856	58.94376043	0.465664711	2.00987575	6.69784382	2.59229411
5310	Sierra Madre de Chiapas-Peten Foldbelt	oil	1	301.6611224	868.7709802	1550.18339	890.0156564	558.6568012	1680.170018	3336.582787	1775.264469	31.05939759	97.62459488	212.6639835	106.4941658
5310	Sierra Madre de Chiapas-Peten Foldbelt	gas	1	NA	NA	NA	NA	7.375453502	45.03001149	217.2326704	70.27123446	0.310343363	1.930623844	9.73044619	3.087978218
5316	Trans-Mexican Neovolcanic Axis	oil	1	6.912212636	26.85297749	63.46303448	29.9715274	12.78423887	52.78452063	135.3228318	60.76625911	0.718723765	3.076722278	8.492695359	3.642814575
5316	Trans-Mexican Neovolcanic Axis	gas	1	NA	NA	NA	NA	32.65393587	122.5851534	269.5129954	133.7793391	1.333263255	5.228547503	12.51824663	5.878847688
5317	Chicontepec Basin	oil	1	3.537598828	12.84330676	31.72318839	14.62055745	7.299819342	27.48688804	73.07151686	32.15929837	0.410900437	1.613370857	4.528141013	1.92569104
5317	Chicontepec Basin	gas	1	NA	NA	NA	NA	0	0	0	0	0	0	0	0
6021	Guyana-Suriname Basin	oil	1	2793.362242	13936.7039	32581.57747	15246.87112	5184.474663	26805.927	68052.90865	30335.33738	288.271195	1556.422585	4296.342656	1817.46481
6021	Guyana-Suriname Basin	gas	1	NA	NA	NA	NA	1850.76408	9995.979902	27855.71598	11723.03564	76.40910908	424.4805109	1259.080912	512.154617
6022	Foz do Amazonas Basin	oil	1	0	0	0	0	0	0	0	0	0	0	0	0
6022	Foz do Amazonas Basin	gas	1	NA	NA	NA	NA	7628.399898	27785.22569	58079.35274	29839.72373	70.59334132	270.7528862	619.9182333	298.4021166
6029	Sergipe-Alagoas Basin	oil	1	196.6724164	1271.342973	3526.832549	1487.472183	410.702346	2694.566253	8080.660477	3260.139065	22.90835523	155.3616506	498.2448021	194.5047982
6029	Sergipe-Alagoas Basin	gas	1	NA	NA	NA	NA	956.8297396	4309.483301	11828.6194	5073.792293	39.09636943	182.6973716	536.3948742	220.5907986
6034	Espirito Santo Basin	oil	1	303.7970887	2337.776574	7735.585772	2958.54144	620.6290633	5031.702294	18217.91367	6643.553909	34.46248653	289.8718543	1116.671934	395.8746586
6034	Espirito Santo Basin	gas	1	NA	NA	NA	NA	3089.024039	22349.26324	70363.14877	27642.99973	130.6730484	952.9498384	3224.485215	1216.474285
6035	Campos Basin	oil	1	3441.737612	14234.52496	36478.54582	16293.13437	3217.785849	12882.02398	34234.50297	14974.50793	89.86230019	374.0580265	1073.551858	449.2727616
6035	Campos Basin	gas	1	NA	NA	NA	NA	527.2776017	3619.002308	12432.86155	4716.785611	11.08524857	76.95872076	283.8087478	103.7452006
6036	Santos Basin	oil	1	4116.589734	21963.08867	46265.28921	23208.84386	7644.729108	37301.75556	85053.86358	40722.64662	429.3541407	2177.344499	5371.801618	2441.913374
6036	Santos Basin	gas	1	NA	NA	NA	NA	9954.779747	37113.9811	78603.12706	39823.94433	407.1677998	1585.290457	3651.911259	1752.495209
6037	Pelotas Basin	oil	0.9	0	2547.946774	7183.63949	2937.768111	0	5420.904437	16605.14852	6466.59531	0	313.7672683	1027.039554	387.8127079
6037	Pelotas Basin	gas	0.9	NA	NA	NA	NA	0	14221.50186	39186.60169	16339.13228	0	605.5834366	1810.920473	719.4524947
6041	Putumayo-Oriente-Maranon Basin	oil	1	1027.696565	2787.378293	6065.842556	3097.67578	235.5737509	687.6078457	2142.128133	919.3379451	4.352006805	13.88241526	69.86565871	24.95047577
6041	Putumayo-Oriente-Maranon Basin	gas	1	NA	NA	NA	NA	0	58.67715182	2462.31895	676.6870379	0	2.190971697	112.0843988	29.78578938
6045	Santa Cruz-Tarija Basin	oil	1	277.281562	1719.174313	5548.418705	2145.128115	687.4258194	4327.675041	15032.28721	5597.38955	38.56690269	249.9974302	935.8834713	335.6873655
6045	Santa Cruz-Tarija Basin	gas	1	NA	NA	NA	NA	9930.597458	24073.34431	46059.23422	25509.52015	341.4782369	882.5967607	1866.188272	963.8351558
6055	Neuquen Basin	oil	1	411.7443852	1212.990482	2413.094983	1289.538369	1122.690917	3444.232664	7529.100188	3773.477277	20.17963504	65.47146125	155.1251112	73.6005401
6055	Neuquen Basin	gas	1	NA	NA	NA	NA	2544.025955	8137.992173	16341.22579	8642.266095	33.1852878	116.1285125	271.2126994	129.5597358
6058	San Jorge Basin	oil	1	159.9625856	470.1200189	927.5539195	498.1894298	175.1928122	529.9229524	1117.65068	574.0548634	3.276148871	10.30072357	23.62549125	11.48301998
6058	San Jorge Basin	gas	1	NA	NA	NA	NA	892.4823219	2961.19546	6245.0718	3199.447116	16.57681697	57.37707677	132.9819178	63.95206194
6059	Magallanes Basin	oil	1	225.7601401	665.033017	1305.697592	704.2707433	759.7603166	2258.611694	4724.36174	2437.030325	5.627955743	17.54033475	39.93229593	19.48316864
6059	Magallanes Basin	gas	1	NA	NA	NA	NA	3992.196427	11181.34597	20655.76471	11603.46164	94.88700586	273.5717936	541.3217326	290.0433884
6060	Falklands Plateau	oil	0.9	0	3947.516041	17273.68649	5832.762504	0	4661.744397	26253.61339	8068.91685	0	98.54852995	621.7177694	183.7994373
6060	Falklands Plateau	gas	0.9	NA	NA	NA	NA	0	5802.366273	25011.3933	8512.120718	0	118.5986837	578.3263217	186.5162745
6063	Malvinas Basin	oil	1	160.9241273	900.1221335	2327.112696	1030.90738	602.7731734	3472.962913	9783.152934	4122.531255	24.9123377	148.5069714	448.0576141	181.4501703
6063	Malvinas Basin	gas	1	NA	NA	NA	NA	1071.941307	6292.144547	16406.91295	7204.67827	25.85330721	154.0247225	422.0321536	180.15822
6081	Talara Basin	oil	1	483.9848348	1625.086761	3213.735974	1711.25646	719.2327804	2516.756639	5503.861074	2738.515566	40.4237913	146.7821017	347.1816793	164.2922319
6081	Talara Basin	gas	1	NA	NA	NA	NA	523.2796911	1886.817164	4133.046675	2056.68985	21.36498739	80.68859365	191.9721606	90.4510622
6083	Progreso Basin	oil	1	47.46359528	204.8832163	534.2972322	236.669612	27.94087994	123.6602224	347.6209358	147.2225681	1.566792768	7.199488854	21.5565624	8.825149877
6083	Progreso Basin	gas	1	NA	NA	NA	NA	69.73809682	432.0431656	1422.518229	547.5485934	2.910014578	18.47386898	64.23629672	24.09960616
6090	Middle Magdalena	oil	1	219.9671637	655.391354	1372.958641	708.8033608	257.2812399	872.2057213	2150.920956	992.6869795	14.3568564	50.84519526	134.8088929	59.56712887
6090	Middle Magdalena	gas	1	NA	NA	NA	NA	661.4148365	2073.604563	4709.623251	2299.620808	17.72839491	60.4700256	157.4414503	70.54236249
6096	Llanos Basin	oil	1	793.2762491	3179.657261	8001.222556	3630.770692	725.2866702	3140.072891	9319.205084	3835.1688	40.74477233	183.7806451	576.9246085	230.0551419
6096	Llanos Basin	gas	1	NA	NA	NA	NA	364.1825564	1920.925181	6019.235333	2381.341325	15.75442573	84.33550733	276.0964662	107.0189655
6098	East Venezuela Basin	oil	1	2155.097261	10509.48289	26739.87387	11875.30385	3231.172815	18558.39378	52721.49258	21846.52769	179.6813196	1076.682294	3305.821933	1309.837895
6098	East Venezuela Basin	gas	1	NA	NA	NA	NA	16223.16625	65885.91031	148794.023	71714.39875	662.1568026	2809.10035	6929.115156	3155.436313
6099	Maracaibo Basin	oil	1	3132.952087	7867.88449	14199.13991	8183.349495	4570.097179	11798.81935	22433.28784	12451.20099	254.4076554	688.8214679	1443.205867	747.4519944
6099	Maracaibo Basin	gas	1	NA	NA	NA	NA	1287.189462	4677.236148	10421.03355	5124.78844	52.17669835	200.0438026	484.6137583	225.5231423
6103	Tobago Trough	oil	1	0	0	0	0	0	0	0	0	0	0	0	0
6103	Tobago Trough	gas	1	NA	NA	NA	NA	4248.65778	17907.61195	43110.84238	20103.19515	39.77963321	172.7936861	455.9721967	200.8083959
6107	Lesser Antilles Deformed Belt	oil	0.5	0	157.3670834	6091.770653	1535.55585	0	332.8900964	13597.63271	3382.579671	0	18.58394417	832.6509103	203.3573395
6107	Lesser Antilles Deformed Belt	gas	0.5	NA	NA	NA	NA	0	905.544576	33277.9768	8574.117281	0	38.71829703	1501.848465	378.3116558
6117	Greater Antilles Deformed Belt	oil	1	142.2192164	464.2477279	941.0335639	493.6387419	159.4661855	540.3208989	1200.268029	591.5564964	8.872008873	31.53310769	75.66110004	35.46593676
6117	Greater Antilles Deformed Belt	gas	1	NA	NA	NA	NA	0	0	0	0	0	0	0	0
7013	Senegal	oil	1	15.49565698	119.654023	429.6870481	157.1913119	32.65765884	254.9689143	967.7316099	345.4819328	1.868879399	14.8743232	59.43226327	20.70458863
7013	Senegal	gas	1	NA	NA	NA	NA	82.84602709	414.3585417	1276.356185	510.4799236	3.460563351	17.7267941	58.2626526	22.48833154
7183	Gulf of Guinea	oil	1	224.9822476	900.6184291	2116.959823	1004.486209	918.0663407	3845.820083	9845.427749	4420.496167	28.75446388	123.8508157	339.3349013	146.4055879
7183	Gulf of Guinea	gas	1	NA	NA	NA	NA	1255.702795	5063.768429	12000.36846	5650.385193	27.97802105	117.8337277	302.9685828	135.7059279
7192	Niger Delta	oil	1	17487.25389	39975.01547	65123.02561	40487.33814	28702.94371	70119.53992	133579.297	74055.69125	902.7218312	2291.525064	4608.009946	2459.352475
7192	Niger Delta	gas	1	NA	NA	NA	NA	28844.94779	57910.44876	90585.4317	58660.06691	1740.752573	3516.883593	5593.989001	3574.290295
7203	West-Central Coastal	oil	1	9032.721723	27917.3979	56464.81468	29746.64611	17693.18937	56368.03435	123798.314	61607.9361	827.3484866	2738.605964	6482.864425	3079.868957
7203	West-Central Coastal	gas	1	NA	NA	NA	NA	5268.079206	23152.14896	58793.73234	26435.91216	217.0920216	988.747399	2714.820634	1164.377334
7303	Orange River Coastal	oil	1	22.63091603	86.80869927	312.0531925	116.1796538	45.82166345	186.4226814	700.7087008	255.6482986	2.543527625	10.92428062	42.963623	15.31732379
7303	Orange River Coastal	gas	1	NA	NA	NA	NA	629.4983447	2828.516018	7889.085678	3347.628203	25.82562952	120.6773626	361.0636256	147.2647534
8025	Sulaiman-Kirthar	oil	1	3.950692795	10.86083114	22.86497352	11.85437707	7.949696227	23.21783174	53.41300347	26.03565442	0.443216536	1.356325593	3.384369206	1.562688004
8025	Sulaiman-Kirthar	gas	1	NA	NA	NA	NA	3795.876062	11493.47988	24856.56353	12572.46487	125.3497495	393.2301671	908.4516507	440.1851248
8026	Kohat-Potwar	oil	1	53.79629076	139.6622313	273.8080182	148.6152149	109.7743443	298.9131072	636.9610725	326.5178766	6.059829938	17.48404763	40.46729914	19.60365713
8026	Kohat-Potwar	gas	1	NA	NA	NA	NA	273.4805427	881.4528838	2053.658091	987.0096626	9.033757148	30.19062419	74.66302276	34.54729261
8034	Assam	oil	1	167.1341254	374.3014448	710.2965745	398.9455582	370.8966752	895.9233586	1864.608539	979.6231518	20.44719049	52.37652634	118.5202543	58.75889756
8034	Assam	gas	1	NA	NA	NA	NA	27.58346561	156.6502377	514.7707781	198.2361289	1.145278415	6.669634146	23.24399304	8.712883137
8042	Indus	oil	1	34.37102731	94.48923094	198.9252696	103.1330805	69.16235718	201.9951361	464.6931302	226.5101935	3.855983862	11.80003266	29.44401209	13.59538564
8042	Indus	gas	1	NA	NA	NA	NA	3568.123498	12884.62013	36858.82688	15737.35096	117.8287645	439.6842193	1336.970938	550.9643704
8043	Bombay	oil	1	640.1956962	1994.645346	3850.608937	2090.794539	1379.427323	4492.880178	9725.360011	4888.437004	35.93182063	132.2144043	331.8347425	151.3207697
8043	Bombay	gas	1	NA	NA	NA	NA	2369.872541	7506.061102	15486.89341	8055.777179	76.66089914	244.2077098	533.2779492	266.5507874
8047	Ganges-Brahmaputra Delta	oil	1	30.63428737	92.12106554	211.1342898	102.6423317	61.54750295	196.7959109	488.9260639	225.7605604	3.423812835	11.46283246	30.57246165	13.52238002
8047	Ganges-Brahmaputra Delta	gas	1	NA	NA	NA	NA	14285.71636	50160.77426	110308.0514	54865.49129	56.446814	220.3028764	601.7212571	259.7183111
8048	Irrawaddy	oil	1	102.4150978	623.5504233	1689.749885	724.4828873	355.7127594	2235.18831	6654.205867	2697.174905	20.22514874	129.8604374	413.1733117	161.8894596
8048	Irrawaddy	gas	1	NA	NA	NA	NA	3842.949532	15740.46015	38680.04031	17823.66769	129.2347322	538.7653369	1399.373533	623.1561823
