Country	Onshore or Offshore	Assessment Unit Code	Assessment Unit Name	Field Type	Percent of Assessed Volume Allocated to this Area	Units for Minimum Field Size	Minimum Field Size	Probability	Oil F95 (MMBO)	Oil F50 (MMBO)	Oil F5 (MMBO)	Oil Mean (MMBO)	Gas F95 (BCFG)	Gas F50 (BCFG)	Gas F5 (BCFG)	Gas Mean (BCFG)	NGL F95 (MMBNGL)	NGL F50 (MMBNGL)	NGL F5 (MMBNGL)	NGL Mean (MMBNGL)
Afghanistan	onshore	NA	onshore total	oil	NA	NA	NA	1	31.20721051	82.57241762	160.7482394	87.57145988	57.39522864	160.0316211	342.5958055	174.7546354	3.154295995	9.393332217	21.49026227	10.47262643
Afghanistan	onshore	NA	onshore total	gas	NA	NA	NA	1	NA	NA	NA	NA	4482.757381	13496.80147	27835.90903	14477.95001	92.95990154	303.6704222	694.8946233	336.7994924
Afghanistan	offshore	NA	offshore total	oil	NA	NA	NA	0	0	0	0	0	0	0	0	0	0	0	0	0
Afghanistan	offshore	NA	offshore total	gas	NA	NA	NA	0	NA	NA	NA	NA	0	0	0	0	0	0	0	0
Afghanistan	NA	NA	total	oil	NA	NA	NA	1	31.20721051	82.57241762	160.7482394	87.57145988	57.39522864	160.0316211	342.5958055	174.7546354	3.154295995	9.393332217	21.49026227	10.47262643
Afghanistan	NA	NA	total	gas	NA	NA	NA	1	NA	NA	NA	NA	4482.757381	13496.80147	27835.90903	14477.95001	92.95990154	303.6704222	694.8946233	336.7994924
Algeria	onshore	NA	onshore total	oil	NA	NA	NA	1	1765.165665	6918.747706	16386.39365	7732.245605	3882.125377	16315.61385	42737.95609	18951.79108	106.9729789	458.0005922	1306.145222	550.5042297
Algeria	onshore	NA	onshore total	gas	NA	NA	NA	1	NA	NA	NA	NA	8559.150239	25058.13602	54011.68784	27513.00207	397.5617046	1290.969795	3142.817283	1473.842267
Algeria	offshore	NA	offshore total	oil	NA	NA	NA	0.6	0	0	0	0	0	0	0	0	0	0	0	0
Algeria	offshore	NA	offshore total	gas	NA	NA	NA	0.6	NA	NA	NA	NA	0	2060.371159	7426.528662	2517.702689	0	85.73504846	340.4370909	110.675598
Algeria	NA	NA	total	oil	NA	NA	NA	1	1765.165665	6918.747706	16386.39365	7732.245605	3882.125377	16315.61385	42737.95609	18951.79108	106.9729789	458.0005922	1306.145222	550.5042297
Algeria	NA	NA	total	gas	NA	NA	NA	1	NA	NA	NA	NA	8559.150239	27118.50717	61438.2165	30030.70476	397.5617046	1376.704844	3483.254374	1584.517865
Angola	onshore	NA	onshore total	oil	NA	NA	NA	1	162.9122674	467.154615	940.3667467	499.1246522	328.0307888	945.3219324	1995.667365	1025.648608	15.12958184	45.85382768	105.4311426	51.19778175
Angola	onshore	NA	onshore total	gas	NA	NA	NA	1	NA	NA	NA	NA	101.7858085	362.3626461	922.7271947	416.8075337	4.165354085	15.44617655	42.55066457	18.31935084
Angola	offshore	NA	offshore total	oil	NA	NA	NA	1	4359.790152	13208.50529	26335.4583	14016.89059	8964.88274	28127.58258	61021.74991	30620.01566	419.6806945	1366.293005	3195.779752	1530.390144
Angola	offshore	NA	offshore total	gas	NA	NA	NA	1	NA	NA	NA	NA	2158.795928	9304.585666	23870.97493	10676.22279	88.64459619	396.9785923	1102.870688	470.1941636
Angola	NA	NA	total	oil	NA	NA	NA	1	4522.70242	13675.65991	27275.82505	14516.01524	9292.913529	29072.90451	63017.41728	31645.66426	434.8102763	1412.146833	3301.210895	1581.587926
Angola	NA	NA	total	gas	NA	NA	NA	1	NA	NA	NA	NA	2260.581737	9666.948312	24793.70212	11093.03032	92.80995027	412.4247689	1145.421353	488.5135144
Argentina	onshore	NA	onshore total	oil	NA	NA	NA	1	627.2057168	1840.199501	3629.90743	1951.025817	1590.869556	4828.463922	10396.7182	5262.852534	26.0829074	84.7929837	201.5913182	95.46019835
Argentina	onshore	NA	onshore total	gas	NA	NA	NA	1	NA	NA	NA	NA	5335.297654	15708.46636	30524.03001	16557.98981	103.0285668	308.0365722	656.7549949	334.7452652
Argentina	offshore	NA	offshore total	oil	NA	NA	NA	1	240.2829045	1124.475684	2754.462002	1266.512662	797.8177289	4032.774593	10916.78412	4721.050444	26.73703934	154.0721851	460.5600414	187.6109806
Argentina	offshore	NA	offshore total	gas	NA	NA	NA	1	NA	NA	NA	NA	2053.460346	9094.743793	21803.95453	10153.23197	47.92241963	218.4949758	554.7012172	249.4133887
Argentina	NA	NA	total	oil	NA	NA	NA	1	867.4886213	2964.675184	6384.369432	3217.53848	2388.687285	8861.238515	21313.50232	9983.902978	52.81994674	238.8651688	662.1513595	283.0711789
Argentina	NA	NA	total	gas	NA	NA	NA	1	NA	NA	NA	NA	7388.758	24803.21015	52327.98453	26711.22178	150.9509864	526.531548	1211.456212	584.1586538
Australia	onshore	NA	onshore total	oil	NA	NA	NA	1	60.62053278	165.9875041	307.8625592	172.8309434	159.0477509	443.8951852	868.104402	469.541389	7.86245319	22.80255489	48.29584277	24.77827653
Australia	onshore	NA	onshore total	gas	NA	NA	NA	1	NA	NA	NA	NA	1023.04969	2936.809204	4935.64518	2949.804942	57.61949626	166.5345351	296.3843193	170.2189756
Australia	offshore	NA	offshore total	oil	NA	NA	NA	1	1499.144295	4423.087604	9421.672282	4801.831624	3924.193915	11834.37252	26607.90529	13067.99464	200.5308915	632.3137526	1538.988093	719.485385
Australia	offshore	NA	offshore total	gas	NA	NA	NA	1	NA	NA	NA	NA	27083.96818	87782.60714	176408.5694	92930.87489	1425.116558	4588.876934	9548.963741	4918.684454
Australia	NA	NA	total	oil	NA	NA	NA	1	1559.764828	4589.075108	9729.534841	4974.662567	4083.241666	12278.26771	27476.00969	13537.53603	208.3933447	655.1163075	1587.283935	744.2636615
Australia	NA	NA	total	gas	NA	NA	NA	1	NA	NA	NA	NA	28107.01787	90719.41634	181344.2146	95880.67983	1482.736054	4755.411469	9845.34806	5088.90343
Australia/Indonesia Zone of Cooperation	onshore	NA	onshore total	oil	NA	NA	NA	0	0	0	0	0	0	0	0	0	0	0	0	0
Australia/Indonesia Zone of Cooperation	onshore	NA	onshore total	gas	NA	NA	NA	0	NA	NA	NA	NA	0	0	0	0	0	0	0	0
Australia/Indonesia Zone of Cooperation	offshore	NA	offshore total	oil	NA	NA	NA	1	16.87293758	51.70391002	116.51634	57.30914738	34.29286508	110.6307461	272.797216	126.3377651	1.924816174	6.474159479	17.0012884	7.583930548
Australia/Indonesia Zone of Cooperation	offshore	NA	offshore total	gas	NA	NA	NA	1	NA	NA	NA	NA	1187.461131	3921.005405	9250.043996	4409.624602	48.47750184	168.1625005	429.0155832	194.2660021
Australia/Indonesia Zone of Cooperation	NA	NA	total	oil	NA	NA	NA	1	16.87293758	51.70391002	116.51634	57.30914738	34.29286508	110.6307461	272.797216	126.3377651	1.924816174	6.474159479	17.0012884	7.583930548
Australia/Indonesia Zone of Cooperation	NA	NA	total	gas	NA	NA	NA	1	NA	NA	NA	NA	1187.461131	3921.005405	9250.043996	4409.624602	48.47750184	168.1625005	429.0155832	194.2660021
Austria	onshore	NA	onshore total	oil	NA	NA	NA	1	0	0	0	0	0	0	0	0	0	0	0	0
Austria	onshore	NA	onshore total	gas	NA	NA	NA	1	NA	NA	NA	NA	25.55970325	63.86719536	132.6075529	69.61610403	0.185924519	0.497958248	1.132605591	0.557178143
Austria	offshore	NA	offshore total	oil	NA	NA	NA	0	0	0	0	0	0	0	0	0	0	0	0	0
Austria	offshore	NA	offshore total	gas	NA	NA	NA	0	NA	NA	NA	NA	0	0	0	0	0	0	0	0
Austria	NA	NA	total	oil	NA	NA	NA	1	0	0	0	0	0	0	0	0	0	0	0	0
Austria	NA	NA	total	gas	NA	NA	NA	1	NA	NA	NA	NA	25.55970325	63.86719536	132.6075529	69.61610403	0.185924519	0.497958248	1.132605591	0.557178143
Azerbaijan	onshore	NA	onshore total	oil	NA	NA	NA	1	48.54706471	158.5263779	339.6042076	172.009899	79.58714444	275.5658294	645.3225644	307.6955112	4.471909774	16.10759807	40.46004033	18.4511154
Azerbaijan	onshore	NA	onshore total	gas	NA	NA	NA	1	NA	NA	NA	NA	335.9679799	1167.207968	2408.22564	1243.452965	11.22450491	39.91727975	87.94296003	43.51777664
Azerbaijan	offshore	NA	offshore total	oil	NA	NA	NA	1	1660.48851	5695.409313	12052.8827	6133.6372	4106.085521	15130.13542	34940.75943	16763.75132	231.1608365	882.9394592	2192.826666	1004.655655
Azerbaijan	offshore	NA	offshore total	gas	NA	NA	NA	1	NA	NA	NA	NA	13069.79581	46332.97663	94751.31134	49134.22729	478.0870758	1722.706271	3789.800837	1875.932623
Azerbaijan	NA	NA	total	oil	NA	NA	NA	1	1709.035575	5853.935691	12392.48691	6305.647099	4185.672665	15405.70125	35586.082	17071.44683	235.6327463	899.0470573	2233.286706	1023.10677
Azerbaijan	NA	NA	total	gas	NA	NA	NA	1	NA	NA	NA	NA	13405.76379	47500.18459	97159.53698	50377.68026	489.3115807	1762.623551	3877.743797	1919.4504
Bahrain	onshore	NA	onshore total	oil	NA	NA	NA	1	23.25963856	64.19016965	122.3278929	67.43274488	24.39370824	68.54389236	138.6448419	73.44003262	0.754445486	2.179032225	4.679157574	2.375353953
Bahrain	onshore	NA	onshore total	gas	NA	NA	NA	1	NA	NA	NA	NA	2190.912146	5128.455093	9355.906696	5367.909481	87.41892909	219.3787437	441.504128	236.0700933
Bahrain	offshore	NA	offshore total	oil	NA	NA	NA	1	271.0591188	787.0027397	1537.701016	831.5611517	262.7381642	788.0750748	1675.104586	855.6335313	6.928561151	21.39758731	47.63260234	23.55034328
Bahrain	offshore	NA	offshore total	gas	NA	NA	NA	1	NA	NA	NA	NA	4162.971301	9758.668995	17832.99864	10219.09985	166.1375759	417.437441	841.5180688	449.4160472
Bahrain	NA	NA	total	oil	NA	NA	NA	1	294.3187574	851.1929094	1660.028909	898.9938966	287.1318725	856.6189671	1813.749428	929.0735639	7.683006637	23.57661954	52.31175991	25.92569723
Bahrain	NA	NA	total	gas	NA	NA	NA	1	NA	NA	NA	NA	6353.883447	14887.12409	27188.90534	15587.00933	253.556505	636.8161848	1283.022197	685.4861405
Bangladesh	onshore	NA	onshore total	oil	NA	NA	NA	1	7.103914631	21.09627532	48.39003578	23.52357926	14.20362267	45.08485737	112.047276	51.73762336	0.789238925	2.627839008	7.003556244	3.099279889
Bangladesh	onshore	NA	onshore total	gas	NA	NA	NA	1	NA	NA	NA	NA	4000.97866	14061.00109	30975.03545	15392.99439	15.68151992	61.06940405	166.8771998	72.0042288
Bangladesh	offshore	NA	offshore total	oil	NA	NA	NA	1	4.316823366	11.78930695	26.96253687	13.17636389	8.398999653	25.26923804	62.43919557	28.97726243	0.463066689	1.47939655	3.894087928	1.736977307
Bangladesh	offshore	NA	offshore total	gas	NA	NA	NA	1	NA	NA	NA	NA	4775.799088	16560.12057	36246.6335	18107.14312	17.3589006	65.15015541	175.215058	76.37090328
Bangladesh	NA	NA	total	oil	NA	NA	NA	1	11.420738	32.88558227	75.35257265	36.69994315	22.60262232	70.35409541	174.4864716	80.71488579	1.252305615	4.107235558	10.89764417	4.836257196
Bangladesh	NA	NA	total	gas	NA	NA	NA	1	NA	NA	NA	NA	8776.777748	30621.12166	67221.66895	33500.13751	33.04042052	126.2195595	342.0922578	148.3751321
Barbados	onshore	NA	onshore total	oil	NA	NA	NA	0	0	0	0	0	0	0	0	0	0	0	0	0
Barbados	onshore	NA	onshore total	gas	NA	NA	NA	0	NA	NA	NA	NA	0	0	0	0	0	0	0	0
Barbados	offshore	NA	offshore total	oil	NA	NA	NA	0.5	0	118.0253125	4568.827989	1151.666887	0	249.6675723	10198.22453	2536.934753	0	13.93795813	624.4881828	152.5180046
Barbados	offshore	NA	offshore total	gas	NA	NA	NA	0.5	NA	NA	NA	NA	0	679.158432	24958.4826	6430.587961	0	29.03872278	1126.386349	283.7337418
Barbados	NA	NA	total	oil	NA	NA	NA	0.5	0	118.0253125	4568.827989	1151.666887	0	249.6675723	10198.22453	2536.934753	0	13.93795813	624.4881828	152.5180046
Barbados	NA	NA	total	gas	NA	NA	NA	0.5	NA	NA	NA	NA	0	679.158432	24958.4826	6430.587961	0	29.03872278	1126.386349	283.7337418
Benin	onshore	NA	onshore total	oil	NA	NA	NA	0	0	0	0	0	0	0	0	0	0	0	0	0
Benin	onshore	NA	onshore total	gas	NA	NA	NA	0	NA	NA	NA	NA	0	0	0	0	0	0	0	0
Benin	offshore	NA	offshore total	oil	NA	NA	NA	1	15.74875733	63.04329003	148.1871876	70.31403464	64.26464385	269.2074058	689.1799424	309.4347317	2.012812472	8.669557102	23.75344309	10.24839115
Benin	offshore	NA	offshore total	gas	NA	NA	NA	1	NA	NA	NA	NA	87.89919562	354.46379	840.0257925	395.5269635	1.958461473	8.248360939	21.2078008	9.499414952
Benin	NA	NA	total	oil	NA	NA	NA	1	15.74875733	63.04329003	148.1871876	70.31403464	64.26464385	269.2074058	689.1799424	309.4347317	2.012812472	8.669557102	23.75344309	10.24839115
Benin	NA	NA	total	gas	NA	NA	NA	1	NA	NA	NA	NA	87.89919562	354.46379	840.0257925	395.5269635	1.958461473	8.248360939	21.2078008	9.499414952
Bolivia	onshore	NA	onshore total	oil	NA	NA	NA	1	216.0412345	1039.690431	2769.242863	1203.030221	536.4346308	2635.3725	7586.362218	3149.858674	30.07443579	152.9131085	473.2636474	188.9131712
Bolivia	onshore	NA	onshore total	gas	NA	NA	NA	1	NA	NA	NA	NA	9116.232107	21052.52214	37392.86557	21863.12454	313.3331268	773.2488845	1527.458226	827.5487504
Bolivia	offshore	NA	offshore total	oil	NA	NA	NA	0	0	0	0	0	0	0	0	0	0	0	0	0
Bolivia	offshore	NA	offshore total	gas	NA	NA	NA	0	NA	NA	NA	NA	0	0	0	0	0	0	0	0
Bolivia	NA	NA	total	oil	NA	NA	NA	1	216.0412345	1039.690431	2769.242863	1203.030221	536.4346308	2635.3725	7586.362218	3149.858674	30.07443579	152.9131085	473.2636474	188.9131712
Bolivia	NA	NA	total	gas	NA	NA	NA	1	NA	NA	NA	NA	9116.232107	21052.52214	37392.86557	21863.12454	313.3331268	773.2488845	1527.458226	827.5487504
Brazil	onshore	NA	onshore total	oil	NA	NA	NA	1	18.47695079	56.68366618	119.2746147	61.30434842	26.35324232	90.14464415	214.0546803	101.2370981	0.798701997	3.132018499	8.367414075	3.66589723
Brazil	onshore	NA	onshore total	gas	NA	NA	NA	1	NA	NA	NA	NA	24.49833247	88.78805026	207.734421	99.03978544	0.516976434	2.077151557	5.374395164	2.400913307
Brazil	offshore	NA	offshore total	oil	NA	NA	NA	1	8041.587494	42177.19199	100728.484	46685.09009	11870.61044	62986.33933	161194.2124	71662.41145	575.9641196	3292.545586	9030.48179	3847.4931
Brazil	offshore	NA	offshore total	gas	NA	NA	NA	1	NA	NA	NA	NA	22135.42553	108620.1159	268382.9425	122545.0984	658.2273655	3642.646015	10033.70502	4273.701096
Brazil	NA	NA	total	oil	NA	NA	NA	1	8060.064445	42233.87565	100847.7586	46746.39444	11896.96368	63076.48398	161408.2671	71763.64854	576.7628216	3295.677604	9038.849204	3851.158997
Brazil	NA	NA	total	gas	NA	NA	NA	1	NA	NA	NA	NA	22159.92386	108708.9039	268590.6769	122644.1382	658.7443419	3644.723166	10039.07942	4276.102009
Brunei	onshore	NA	onshore total	oil	NA	NA	NA	1	18.69928263	54.93595013	110.8886295	58.77884024	48.58503048	149.3804035	331.5133365	164.6842908	2.673685257	8.724507723	21.01069566	9.880090069
Brunei	onshore	NA	onshore total	gas	NA	NA	NA	1	NA	NA	NA	NA	78.67418622	250.4729041	552.6146818	274.6807514	3.166932557	10.68239741	25.71479054	12.0866517
Brunei	offshore	NA	offshore total	oil	NA	NA	NA	1	546.476014	1636.406131	3277.18102	1742.997548	1414.932587	4453.309728	9799.052336	4883.338253	78.30129248	259.8521389	621.8742852	292.9709649
Brunei	offshore	NA	offshore total	gas	NA	NA	NA	1	NA	NA	NA	NA	1940.75231	6454.249132	14391.37428	7089.165428	78.54475525	275.4920523	667.5810309	311.8005503
Brunei	NA	NA	total	oil	NA	NA	NA	1	565.1752966	1691.342081	3388.06965	1801.776389	1463.517617	4602.690131	10130.56567	5048.022544	80.97497773	268.5766466	642.8849808	302.851055
Brunei	NA	NA	total	gas	NA	NA	NA	1	NA	NA	NA	NA	2019.426496	6704.722036	14943.98896	7363.84618	81.71168781	286.1744497	693.2958214	323.887202
Bulgaria	onshore	NA	onshore total	oil	NA	NA	NA	1	3.370401764	7.992535192	15.49186642	8.542654135	3.676121621	9.336172919	19.9406072	10.2544719	0.100703344	0.273011041	0.631911795	0.307523436
Bulgaria	onshore	NA	onshore total	gas	NA	NA	NA	1	NA	NA	NA	NA	5.131983645	16.1331	36.29825769	17.8074694	0.190886382	0.625127437	1.540234724	0.713043308
Bulgaria	offshore	NA	offshore total	oil	NA	NA	NA	0	0	0	0	0	0	0	0	0	0	0	0	0
Bulgaria	offshore	NA	offshore total	gas	NA	NA	NA	0	NA	NA	NA	NA	0	0	0	0	0	0	0	0
Bulgaria	NA	NA	total	oil	NA	NA	NA	1	3.370401764	7.992535192	15.49186642	8.542654135	3.676121621	9.336172919	19.9406072	10.2544719	0.100703344	0.273011041	0.631911795	0.307523436
Bulgaria	NA	NA	total	gas	NA	NA	NA	1	NA	NA	NA	NA	5.131983645	16.1331	36.29825769	17.8074694	0.190886382	0.625127437	1.540234724	0.713043308
Cambodia	onshore	NA	onshore total	oil	NA	NA	NA	0	0	0	0	0	0	0	0	0	0	0	0	0
Cambodia	onshore	NA	onshore total	gas	NA	NA	NA	0	NA	NA	NA	NA	0	0	0	0	0	0	0	0
Cambodia	offshore	NA	offshore total	oil	NA	NA	NA	1	27.96138225	106.1767042	278.512673	123.6218484	124.6673999	495.2694304	1392.602715	594.0689167	1.632584625	6.770937799	20.30052425	8.329570741
Cambodia	offshore	NA	offshore total	gas	NA	NA	NA	1	NA	NA	NA	NA	352.6997245	1060.262718	2358.597251	1167.71115	6.52832525	20.52141375	49.65404075	23.31673131
Cambodia	NA	NA	total	oil	NA	NA	NA	1	27.96138225	106.1767042	278.512673	123.6218484	124.6673999	495.2694304	1392.602715	594.0689167	1.632584625	6.770937799	20.30052425	8.329570741
Cambodia	NA	NA	total	gas	NA	NA	NA	1	NA	NA	NA	NA	352.6997245	1060.262718	2358.597251	1167.71115	6.52832525	20.52141375	49.65404075	23.31673131
Cameroon	onshore	NA	onshore total	oil	NA	NA	NA	1	219.5514889	482.0967322	826.270593	497.7587179	347.8955169	806.1741413	1572.680271	861.6988011	11.42832082	28.57981628	60.47453373	31.27711306
Cameroon	onshore	NA	onshore total	gas	NA	NA	NA	1	NA	NA	NA	NA	427.786136	903.6478115	1570.956308	939.6721923	24.97489107	51.39322605	89.22615231	53.50387803
Cameroon	offshore	NA	offshore total	oil	NA	NA	NA	1	481.2549932	1011.270183	1667.242033	1035.662301	771.3910269	1726.849581	3282.290323	1834.416866	24.78289653	59.17587062	120.9468306	64.15300556
Cameroon	offshore	NA	offshore total	gas	NA	NA	NA	1	NA	NA	NA	NA	948.8373832	1892.408854	3113.434848	1945.321912	56.22241397	110.6570018	182.8306245	113.9476795
Cameroon	NA	NA	total	oil	NA	NA	NA	1	700.8064821	1493.366916	2493.512626	1533.421019	1119.286544	2533.023722	4854.970595	2696.115667	36.21121735	87.7556869	181.4213643	95.43011861
Cameroon	NA	NA	total	gas	NA	NA	NA	1	NA	NA	NA	NA	1376.623519	2796.056665	4684.391156	2884.994105	81.19730505	162.0502278	272.0567768	167.4515576
Canada	onshore	NA	onshore total	oil	NA	NA	NA	1	384.8480933	933.0690942	1712.771191	977.8497422	276.2009235	712.7443408	1416.259122	761.8784752	15.40248441	41.93957502	91.45460887	46.16416562
Canada	onshore	NA	onshore total	gas	NA	NA	NA	1	NA	NA	NA	NA	6267.770274	14067.54489	25907.98632	14864.59718	141.6282301	344.2670136	698.5310497	372.5761067
Canada	offshore	NA	offshore total	oil	NA	NA	NA	1	442.8667037	1617.703292	3722.656255	1796.301566	1600.91778	6360.001592	17947.35946	7588.533579	90.01389099	371.5135248	1120.349043	456.3299043
Canada	offshore	NA	offshore total	gas	NA	NA	NA	1	NA	NA	NA	NA	392.4604642	1193.280811	2577.100464	1303.982621	15.92893359	50.89513163	120.4358632	57.38637781
Canada	NA	NA	total	oil	NA	NA	NA	1	827.714797	2550.772386	5435.427446	2774.151308	1877.118703	7072.745932	19363.61858	8350.412054	105.4163754	413.4530998	1211.803652	502.4940699
Canada	NA	NA	total	gas	NA	NA	NA	1	NA	NA	NA	NA	6660.230738	15260.82571	28485.08679	16168.5798	157.5571637	395.1621453	818.9669129	429.9624846
Chile	onshore	NA	onshore total	oil	NA	NA	NA	1	73.38573529	233.5636522	496.2554637	253.1160617	216.8971109	687.1179675	1531.816454	756.4125959	1.612260963	5.334435674	12.91345779	6.050606813
Chile	onshore	NA	onshore total	gas	NA	NA	NA	1	NA	NA	NA	NA	1328.627723	3894.211279	7275.792347	4047.412769	31.64324017	95.24075225	190.6547505	101.1741421
Chile	offshore	NA	offshore total	oil	NA	NA	NA	1	24.46191176	77.85455074	165.4184879	84.37202056	72.29903695	229.0393225	510.6054846	252.137532	0.537420321	1.778145225	4.30448593	2.016868938
Chile	offshore	NA	offshore total	gas	NA	NA	NA	1	NA	NA	NA	NA	442.8759077	1298.070426	2425.264116	1349.13759	10.54774672	31.74691742	63.5515835	33.72471404
Chile	NA	NA	total	oil	NA	NA	NA	1	97.84764705	311.418203	661.6739516	337.4880823	289.1961478	916.15729	2042.421938	1008.550128	2.149681284	7.112580899	17.21794372	8.067475751
Chile	NA	NA	total	gas	NA	NA	NA	1	NA	NA	NA	NA	1771.503631	5192.281705	9701.056463	5396.550359	42.19098689	126.9876697	254.206334	134.8988562
China	onshore	NA	onshore total	oil	NA	NA	NA	1	2735.989296	9365.852565	21150.11577	10350.53858	3925.40356	17119.68629	45104.11847	19855.32955	261.7317697	1196.261615	3399.701568	1432.724999
China	onshore	NA	onshore total	gas	NA	NA	NA	1	NA	NA	NA	NA	16002.87616	56358.59248	128206.385	62287.81619	661.9528316	2495.48705	6247.008699	2850.773203
China	offshore	NA	offshore total	oil	NA	NA	NA	1	588.0598942	1615.684269	3421.281164	1764.692782	329.9810366	939.8919771	2165.199763	1053.233616	18.133197	54.98185133	136.3083831	63.18588055
China	offshore	NA	offshore total	gas	NA	NA	NA	1	NA	NA	NA	NA	592.5474008	2294.096665	5595.464751	2589.997089	24.38065135	98.16464016	258.9226419	114.1483879
China	NA	NA	total	oil	NA	NA	NA	1	3324.049191	10981.53683	24571.39693	12115.23136	4255.384596	18059.57827	47269.31823	20908.56316	279.8649667	1251.243466	3536.009951	1495.91088
China	NA	NA	total	gas	NA	NA	NA	1	NA	NA	NA	NA	16595.42356	58652.68915	133801.8498	64877.81328	686.3334829	2593.65169	6505.93134	2964.921591
Colombia	onshore	NA	onshore total	oil	NA	NA	NA	1	1286.161221	4556.068804	10846.09864	5119.613501	1095.375606	4328.732551	12137.58272	5174.88692	59.20365711	246.4962614	738.1664108	302.9006961
Colombia	onshore	NA	onshore total	gas	NA	NA	NA	1	NA	NA	NA	NA	1102.936949	4225.070442	11187.10888	4925.751043	36.58456229	154.5926414	454.95297	188.2479576
Colombia	offshore	NA	offshore total	oil	NA	NA	NA	0	0	0	0	0	0	0	0	0	0	0	0	0
Colombia	offshore	NA	offshore total	gas	NA	NA	NA	0	NA	NA	NA	NA	0	0	0	0	0	0	0	0
Colombia	NA	NA	total	oil	NA	NA	NA	1	1286.161221	4556.068804	10846.09864	5119.613501	1095.375606	4328.732551	12137.58272	5174.88692	59.20365711	246.4962614	738.1664108	302.9006961
Colombia	NA	NA	total	gas	NA	NA	NA	1	NA	NA	NA	NA	1102.936949	4225.070442	11187.10888	4925.751043	36.58456229	154.5926414	454.95297	188.2479576
Congo (Brazzaville)	onshore	NA	onshore total	oil	NA	NA	NA	1	64.40363241	169.5770297	303.6254436	175.3776784	133.3675258	369.5491276	740.5539268	394.7563397	6.146350884	17.92322953	39.26859239	19.70364708
Congo (Brazzaville)	onshore	NA	onshore total	gas	NA	NA	NA	1	NA	NA	NA	NA	39.65579003	131.4960892	281.059771	142.0026064	1.620746824	5.595709225	13.11940237	6.239988044
Congo (Brazzaville)	offshore	NA	offshore total	oil	NA	NA	NA	1	1809.364427	5351.076329	10322.7311	5624.226396	3755.556875	11660.24656	24952.90235	12638.32077	175.7976543	566.3930997	1307.711942	631.6706464
Congo (Brazzaville)	offshore	NA	offshore total	gas	NA	NA	NA	1	NA	NA	NA	NA	885.7203688	3751.623558	9141.362012	4220.349163	36.35473371	159.9838821	423.8644351	185.885318
Congo (Brazzaville)	NA	NA	total	oil	NA	NA	NA	1	1873.76806	5520.653359	10626.35654	5799.604075	3888.924401	12029.79568	25693.45628	13033.07711	181.9440052	584.3163293	1346.980534	651.3742935
Congo (Brazzaville)	NA	NA	total	gas	NA	NA	NA	1	NA	NA	NA	NA	925.3761589	3883.119647	9422.421783	4362.35177	37.97548053	165.5795914	436.9838375	192.1253061
Congo (Kinshasa)	onshore	NA	onshore total	oil	NA	NA	NA	1	15.45687178	40.69848712	72.87010646	42.09064282	32.00820618	88.69179062	177.7329424	94.74152152	1.475124212	4.301575087	9.424462173	4.728875298
Congo (Kinshasa)	onshore	NA	onshore total	gas	NA	NA	NA	1	NA	NA	NA	NA	9.517389608	31.5590614	67.45434505	34.08062553	0.388979238	1.342970214	3.148656568	1.497597131
Congo (Kinshasa)	offshore	NA	offshore total	oil	NA	NA	NA	1	93.84245457	270.5687297	514.1177252	283.428282	194.6781169	589.5929048	1244.967403	637.1182774	9.0806898	28.63013383	65.39800848	31.83470822
Congo (Kinshasa)	offshore	NA	offshore total	gas	NA	NA	NA	1	NA	NA	NA	NA	48.64741143	193.8969721	459.3410708	216.1481687	1.99443829	8.264591694	21.32771153	9.515408735
Congo (Kinshasa)	NA	NA	total	oil	NA	NA	NA	1	109.2993263	311.2672168	586.9878317	325.5189248	226.6863231	678.2846954	1422.700346	731.8597989	10.55581401	32.93170892	74.82247065	36.56358351
Congo (Kinshasa)	NA	NA	total	gas	NA	NA	NA	1	NA	NA	NA	NA	58.16480104	225.4560335	526.7954159	250.2287942	2.383417528	9.607561908	24.47636809	11.01300587
Côte d'Ivoire	onshore	NA	onshore total	oil	NA	NA	NA	0	0	0	0	0	0	0	0	0	0	0	0	0
Côte d'Ivoire	onshore	NA	onshore total	gas	NA	NA	NA	0	NA	NA	NA	NA	0	0	0	0	0	0	0	0
Côte d'Ivoire	offshore	NA	offshore total	oil	NA	NA	NA	1	134.9893486	540.3710574	1270.175894	602.6917254	550.8398044	2307.49205	5907.25665	2652.2977	17.25267833	74.31048945	203.6009408	87.84335272
Côte d'Ivoire	offshore	NA	offshore total	gas	NA	NA	NA	1	NA	NA	NA	NA	753.4216767	3038.261057	7200.221079	3390.231116	16.78681263	70.70023662	181.7811497	81.42355674
Côte d'Ivoire	NA	NA	total	oil	NA	NA	NA	1	134.9893486	540.3710574	1270.175894	602.6917254	550.8398044	2307.49205	5907.25665	2652.2977	17.25267833	74.31048945	203.6009408	87.84335272
Côte d'Ivoire	NA	NA	total	gas	NA	NA	NA	1	NA	NA	NA	NA	753.4216767	3038.261057	7200.221079	3390.231116	16.78681263	70.70023662	181.7811497	81.42355674
Croatia	onshore	NA	onshore total	oil	NA	NA	NA	1	40.61176764	81.28952702	145.2417443	85.67167773	34.01226681	80.85930761	180.4475964	90.43979473	1.236917428	3.160998481	7.597385654	3.625807611
Croatia	onshore	NA	onshore total	gas	NA	NA	NA	1	NA	NA	NA	NA	394.7625626	766.3423858	1389.617428	813.831116	9.476560382	22.17789293	46.87176844	24.38939788
Croatia	offshore	NA	offshore total	oil	NA	NA	NA	1	0	0	0	0	0	0	0	0	0	0	0	0
Croatia	offshore	NA	offshore total	gas	NA	NA	NA	1	NA	NA	NA	NA	320.3836797	763.8218301	1452.1742	813.3298421	0.562386527	1.519828468	3.591098592	1.717424773
Croatia	NA	NA	total	oil	NA	NA	NA	1	40.61176764	81.28952702	145.2417443	85.67167773	34.01226681	80.85930761	180.4475964	90.43979473	1.236917428	3.160998481	7.597385654	3.625807611
Croatia	NA	NA	total	gas	NA	NA	NA	1	NA	NA	NA	NA	715.1462424	1530.164216	2841.791628	1627.160958	10.03894691	23.69772139	50.46286703	26.10682265
Cuba	onshore	NA	onshore total	oil	NA	NA	NA	1	28.44384328	92.84954558	188.2067128	98.72774837	31.89323711	108.0641798	240.0536058	118.3112993	1.774401775	6.306621538	15.13222001	7.093187351
Cuba	onshore	NA	onshore total	gas	NA	NA	NA	1	NA	NA	NA	NA	0	0	0	0	0	0	0	0
Cuba	offshore	NA	offshore total	oil	NA	NA	NA	1	113.7753731	371.3981823	752.8268511	394.9109935	127.5729484	432.2567192	960.2144232	473.2451971	7.097607099	25.22648615	60.52888004	28.3727494
Cuba	offshore	NA	offshore total	gas	NA	NA	NA	1	NA	NA	NA	NA	0	0	0	0	0	0	0	0
Cuba	NA	NA	total	oil	NA	NA	NA	1	142.2192164	464.2477279	941.0335639	493.6387419	159.4661855	540.3208989	1200.268029	591.5564964	8.872008873	31.53310769	75.66110004	35.46593676
Cuba	NA	NA	total	gas	NA	NA	NA	1	NA	NA	NA	NA	0	0	0	0	0	0	0	0
Czech Republic	onshore	NA	onshore total	oil	NA	NA	NA	1	2.825499641	8.452306739	18.00880885	9.22088085	7.356399426	23.04271812	53.26426232	25.78742122	0.408134597	1.342665471	3.363365302	1.545157243
Czech Republic	onshore	NA	onshore total	gas	NA	NA	NA	1	NA	NA	NA	NA	169.8127897	467.7414684	976.1025239	508.6914366	1.516440207	4.55552693	10.50411374	5.098675586
Czech Republic	offshore	NA	offshore total	oil	NA	NA	NA	0	0	0	0	0	0	0	0	0	0	0	0	0
Czech Republic	offshore	NA	offshore total	gas	NA	NA	NA	0	NA	NA	NA	NA	0	0	0	0	0	0	0	0
Czech Republic	NA	NA	total	oil	NA	NA	NA	1	2.825499641	8.452306739	18.00880885	9.22088085	7.356399426	23.04271812	53.26426232	25.78742122	0.408134597	1.342665471	3.363365302	1.545157243
Czech Republic	NA	NA	total	gas	NA	NA	NA	1	NA	NA	NA	NA	169.8127897	467.7414684	976.1025239	508.6914366	1.516440207	4.55552693	10.50411374	5.098675586
Denmark	onshore	NA	onshore total	oil	NA	NA	NA	0	0	0	0	0	0	0	0	0	0	0	0	0
Denmark	onshore	NA	onshore total	gas	NA	NA	NA	0	NA	NA	NA	NA	0	0	0	0	0	0	0	0
Denmark	offshore	NA	offshore total	oil	NA	NA	NA	1	34.52776622	87.81492225	176.6628869	94.79157573	25.18438072	68.48101891	151.1063434	75.81268718	1.388472158	4.016723461	9.557013184	4.545218497
Denmark	offshore	NA	offshore total	gas	NA	NA	NA	1	NA	NA	NA	NA	226.139127	641.8621751	1366.635394	700.7398701	10.3841574	31.12817936	72.41414267	35.02419355
Denmark	NA	NA	total	oil	NA	NA	NA	1	34.52776622	87.81492225	176.6628869	94.79157573	25.18438072	68.48101891	151.1063434	75.81268718	1.388472158	4.016723461	9.557013184	4.545218497
Denmark	NA	NA	total	gas	NA	NA	NA	1	NA	NA	NA	NA	226.139127	641.8621751	1366.635394	700.7398701	10.3841574	31.12817936	72.41414267	35.02419355
Ecuador	onshore	NA	onshore total	oil	NA	NA	NA	1	265.6362106	732.0441595	1577.097112	807.2766721	64.02297559	192.1404228	532.4371711	238.5032205	1.37522906	4.655956293	17.28787955	6.756459007
Ecuador	onshore	NA	onshore total	gas	NA	NA	NA	1	NA	NA	NA	NA	4.841599767	24.53005197	309.3182839	92.03221671	0.197659505	1.023267932	14.0643444	4.052401741
Ecuador	offshore	NA	offshore total	oil	NA	NA	NA	1	35.05371185	144.8556819	352.7552041	163.0078883	20.6388457	87.38522269	230.2615145	101.3724162	1.155786064	5.086994481	14.33443333	6.076502775
Ecuador	offshore	NA	offshore total	gas	NA	NA	NA	1	NA	NA	NA	NA	21.76272002	92.47731986	310.6132546	119.8609479	0.891781023	3.977368058	14.05292199	5.281106585
Ecuador	NA	NA	total	oil	NA	NA	NA	1	300.6899225	876.8998414	1929.852316	970.2845605	84.66182129	279.5256455	762.6986857	339.8756367	2.531015124	9.742950774	31.62231288	12.83296178
Ecuador	NA	NA	total	gas	NA	NA	NA	1	NA	NA	NA	NA	26.60431978	117.0073718	619.9315385	211.8931646	1.089440528	5.00063599	28.11726639	9.333508326
Egypt	onshore	NA	onshore total	oil	NA	NA	NA	1	292.5735761	856.2273784	1833.680701	931.4543984	311.884312	1042.08662	2588.278725	1190.827492	15.9577855	55.80407618	141.746002	64.33707212
Egypt	onshore	NA	onshore total	gas	NA	NA	NA	1	NA	NA	NA	NA	596.1226544	2378.607847	5492.114941	2625.874771	32.00157385	120.6482383	269.1230697	131.8413887
Egypt	offshore	NA	offshore total	oil	NA	NA	NA	1	687.7959438	2062.170627	4122.287321	2187.385869	892.5177267	3543.224163	9020.30312	4056.112889	48.71016716	207.4168885	548.5899754	240.9973795
Egypt	offshore	NA	offshore total	gas	NA	NA	NA	1	NA	NA	NA	NA	2856.847379	11619.95475	25591.27949	12562.58399	154.3554901	601.5416675	1315.781173	650.4267942
Egypt	NA	NA	total	oil	NA	NA	NA	1	980.3695199	2918.398005	5955.968022	3118.840267	1204.402039	4585.310784	11608.58184	5246.94038	64.66795266	263.2209647	690.3359774	305.3344516
Egypt	NA	NA	total	gas	NA	NA	NA	1	NA	NA	NA	NA	3452.970033	13998.5626	31083.39443	15188.45876	186.3570639	722.1899058	1584.904243	782.2681829
Equatorial Guinea	onshore	NA	onshore total	oil	NA	NA	NA	0	0	0	0	0	0	0	0	0	0	0	0	0
Equatorial Guinea	onshore	NA	onshore total	gas	NA	NA	NA	0	NA	NA	NA	NA	0	0	0	0	0	0	0	0
Equatorial Guinea	offshore	NA	offshore total	oil	NA	NA	NA	1	934.2543652	2269.024314	4041.177869	2352.135292	1485.84165	3788.81737	7634.799729	4067.964438	50.09819613	137.5781118	301.027948	151.5455254
Equatorial Guinea	offshore	NA	offshore total	gas	NA	NA	NA	1	NA	NA	NA	NA	1512.967547	3336.099806	5865.99454	3470.005805	88.58108211	190.4175395	334.5248915	198.2566709
Equatorial Guinea	NA	NA	total	oil	NA	NA	NA	1	934.2543652	2269.024314	4041.177869	2352.135292	1485.84165	3788.81737	7634.799729	4067.964438	50.09819613	137.5781118	301.027948	151.5455254
Equatorial Guinea	NA	NA	total	gas	NA	NA	NA	1	NA	NA	NA	NA	1512.967547	3336.099806	5865.99454	3470.005805	88.58108211	190.4175395	334.5248915	198.2566709
Eritrea	onshore	NA	onshore total	oil	NA	NA	NA	1	39.07357857	114.0159446	199.550603	116.0136163	86.82116762	261.0880928	496.4459999	272.0154584	5.14615084	15.53303785	29.7736849	16.22085355
Eritrea	onshore	NA	onshore total	gas	NA	NA	NA	1	NA	NA	NA	NA	645.6067547	2053.056654	3713.735654	2103.108282	37.21853813	120.7689743	230.2433801	125.6823674
Eritrea	offshore	NA	offshore total	oil	NA	NA	NA	1	125.1011213	437.8517366	810.0859865	442.9971363	277.9736543	973.7860793	1953.069258	1014.208001	16.47633168	53.77075351	106.4734898	56.23325174
Eritrea	offshore	NA	offshore total	gas	NA	NA	NA	1	NA	NA	NA	NA	2067.026669	7424.396156	13749.93519	7538.229259	119.1618742	420.1610481	812.800129	434.5732753
Eritrea	NA	NA	total	oil	NA	NA	NA	1	164.1746999	551.8676812	1009.63659	559.0107526	364.7948219	1234.874172	2449.515258	1286.223459	21.62248252	69.30379136	136.2471747	72.45410529
Eritrea	NA	NA	total	gas	NA	NA	NA	1	NA	NA	NA	NA	2712.633423	9477.45281	17463.67084	9641.337541	156.3804123	540.9300224	1043.043509	560.2556426
Falkland Islands (Islas Malvinas)	onshore	NA	onshore total	oil	NA	NA	NA	0	0	0	0	0	0	0	0	0	0	0	0	0
Falkland Islands (Islas Malvinas)	onshore	NA	onshore total	gas	NA	NA	NA	0	NA	NA	NA	NA	0	0	0	0	0	0	0	0
Falkland Islands (Islas Malvinas)	offshore	NA	offshore total	oil	NA	NA	NA	0.9	0	3947.516041	17273.68649	5832.762504	0	4661.744397	26253.61339	8068.91685	0	98.54852995	621.7177694	183.7994373
Falkland Islands (Islas Malvinas)	offshore	NA	offshore total	gas	NA	NA	NA	0.9	NA	NA	NA	NA	0	5802.366273	25011.3933	8512.120718	0	118.5986837	578.3263217	186.5162745
Falkland Islands (Islas Malvinas)	NA	NA	total	oil	NA	NA	NA	0.9	0	3947.516041	17273.68649	5832.762504	0	4661.744397	26253.61339	8068.91685	0	98.54852995	621.7177694	183.7994373
Falkland Islands (Islas Malvinas)	NA	NA	total	gas	NA	NA	NA	0.9	NA	NA	NA	NA	0	5802.366273	25011.3933	8512.120718	0	118.5986837	578.3263217	186.5162745
France	onshore	NA	onshore total	oil	NA	NA	NA	0	0	0	0	0	0	0	0	0	0	0	0	0
France	onshore	NA	onshore total	gas	NA	NA	NA	0	NA	NA	NA	NA	0	0	0	0	0	0	0	0
France	offshore	NA	offshore total	oil	NA	NA	NA	0.6	0	173.028734	1119.079235	310.6349813	0	363.1802647	2519.099136	685.0213549	0	20.86193785	154.0634991	41.14102098
France	offshore	NA	offshore total	gas	NA	NA	NA	0.6	NA	NA	NA	NA	0	16482.96927	59412.2293	20141.62151	0	685.8803877	2723.496727	885.4047839
France	NA	NA	total	oil	NA	NA	NA	0.6	0	173.028734	1119.079235	310.6349813	0	363.1802647	2519.099136	685.0213549	0	20.86193785	154.0634991	41.14102098
France	NA	NA	total	gas	NA	NA	NA	0.6	NA	NA	NA	NA	0	16482.96927	59412.2293	20141.62151	0	685.8803877	2723.496727	885.4047839
French Guiana	onshore	NA	onshore total	oil	NA	NA	NA	0	0	0	0	0	0	0	0	0	0	0	0	0
French Guiana	onshore	NA	onshore total	gas	NA	NA	NA	0	NA	NA	NA	NA	0	0	0	0	0	0	0	0
French Guiana	offshore	NA	offshore total	oil	NA	NA	NA	1	2.722836706	11.01871802	24.86224453	12.04369885	3.561614716	14.94481679	36.54662428	16.86205844	0.165755666	0.727573897	1.902308046	0.842245605
French Guiana	offshore	NA	offshore total	gas	NA	NA	NA	1	NA	NA	NA	NA	1.846928113	12.85900943	45.06517402	16.6836635	0.062968026	0.447450804	1.655879246	0.59464743
French Guiana	NA	NA	total	oil	NA	NA	NA	1	2.722836706	11.01871802	24.86224453	12.04369885	3.561614716	14.94481679	36.54662428	16.86205844	0.165755666	0.727573897	1.902308046	0.842245605
French Guiana	NA	NA	total	gas	NA	NA	NA	1	NA	NA	NA	NA	1.846928113	12.85900943	45.06517402	16.6836635	0.062968026	0.447450804	1.655879246	0.59464743
Gabon	onshore	NA	onshore total	oil	NA	NA	NA	1	240.1651874	812.2667224	1746.860867	880.4731959	420.0226682	1462.154854	3393.965887	1627.023452	19.44880732	71.01272496	178.1828125	81.38014353
Gabon	onshore	NA	onshore total	gas	NA	NA	NA	1	NA	NA	NA	NA	193.2949203	1025.829778	2720.469	1185.699757	8.040268938	43.88367435	125.2675196	52.22786397
Gabon	offshore	NA	offshore total	oil	NA	NA	NA	1	2057.959719	6764.272314	14323.09425	7303.693156	3553.948777	11951.07796	27348.92634	13233.20859	166.1118321	581.0605142	1429.404498	662.0002976
Gabon	offshore	NA	offshore total	gas	NA	NA	NA	1	NA	NA	NA	NA	1586.685044	7234.035925	18437.17918	8261.303048	65.7317083	309.4119557	849.7345066	363.9548043
Gabon	NA	NA	total	oil	NA	NA	NA	1	2298.124906	7576.539037	16069.95511	8184.166352	3973.971445	13413.23281	30742.89223	14860.23204	185.5606394	652.0732391	1607.587311	743.3804411
Gabon	NA	NA	total	gas	NA	NA	NA	1	NA	NA	NA	NA	1779.979964	8259.865703	21157.64818	9447.002806	73.77197724	353.29563	975.0020262	416.1826682
Germany	onshore	NA	onshore total	oil	NA	NA	NA	1	17.31346353	50.48666044	110.6969348	55.52648181	14.3113431	44.07347006	105.5994159	49.99638041	0.025566701	0.08737943	0.245893668	0.105727792
Germany	onshore	NA	onshore total	gas	NA	NA	NA	1	NA	NA	NA	NA	4271.592855	10361.63151	18384.52509	10763.87883	7.575940968	20.43189555	45.65115271	22.72217635
Germany	offshore	NA	offshore total	oil	NA	NA	NA	1	35.72775679	92.80206292	188.6675109	100.3803916	25.5800355	70.22819569	155.6678145	77.82549557	1.413478512	4.129943356	9.876835861	4.68024519
Germany	offshore	NA	offshore total	gas	NA	NA	NA	1	NA	NA	NA	NA	541.2811291	1899.804248	4330.062016	2101.478793	12.67391318	38.94771522	91.55398601	43.93023332
Germany	NA	NA	total	oil	NA	NA	NA	1	53.04122032	143.2887234	299.3644457	155.9068734	39.8913786	114.3016657	261.2672303	127.821876	1.439045213	4.217322785	10.12272953	4.785972981
Germany	NA	NA	total	gas	NA	NA	NA	1	NA	NA	NA	NA	4812.873984	12261.43575	22714.5871	12865.35763	20.24985415	59.37961077	137.2051387	66.65240967
Ghana	onshore	NA	onshore total	oil	NA	NA	NA	0	0	0	0	0	0	0	0	0	0	0	0	0
Ghana	onshore	NA	onshore total	gas	NA	NA	NA	0	NA	NA	NA	NA	0	0	0	0	0	0	0	0
Ghana	offshore	NA	offshore total	oil	NA	NA	NA	1	44.99644952	180.1236858	423.3919646	200.8972418	183.6132681	769.1640167	1969.08555	884.0992333	5.750892777	24.77016315	67.86698025	29.28111757
Ghana	offshore	NA	offshore total	gas	NA	NA	NA	1	NA	NA	NA	NA	251.1405589	1012.753686	2400.073693	1130.077039	5.59560421	23.56674554	60.59371656	27.14118558
Ghana	NA	NA	total	oil	NA	NA	NA	1	44.99644952	180.1236858	423.3919646	200.8972418	183.6132681	769.1640167	1969.08555	884.0992333	5.750892777	24.77016315	67.86698025	29.28111757
Ghana	NA	NA	total	gas	NA	NA	NA	1	NA	NA	NA	NA	251.1405589	1012.753686	2400.073693	1130.077039	5.59560421	23.56674554	60.59371656	27.14118558
Greenland	onshore	NA	onshore total	oil	NA	NA	NA	0.7	0	993.6742388	2236.298835	942.955227	0	932.1347107	2371.938827	942.9596615	0	52.84565102	149.9868367	56.53085898
Greenland	onshore	NA	onshore total	gas	NA	NA	NA	0.7	NA	NA	NA	NA	0	688.6040999	1623.580589	671.216296	0	25.94788272	69.16207694	26.86486622
Greenland	offshore	NA	offshore total	oil	NA	NA	NA	0.7	0	48690.0377	109578.6429	46204.80612	0	45674.60082	116225.0025	46205.02342	0	2589.4369	7349.354997	2770.01209
Greenland	offshore	NA	offshore total	gas	NA	NA	NA	0.7	NA	NA	NA	NA	0	33741.6009	79555.44885	32889.5985	0	1271.446253	3388.94177	1316.378445
Greenland	NA	NA	total	oil	NA	NA	NA	0.7	0	49683.71194	111814.9417	47147.76135	0	46606.73553	118596.9413	47147.98308	0	2642.282551	7499.341833	2826.542949
Greenland	NA	NA	total	gas	NA	NA	NA	0.7	NA	NA	NA	NA	0	34430.205	81179.02944	33560.8148	0	1297.394136	3458.103847	1343.243311
Grenada	onshore	NA	onshore total	oil	NA	NA	NA	0	0	0	0	0	0	0	0	0	0	0	0	0
Grenada	onshore	NA	onshore total	gas	NA	NA	NA	0	NA	NA	NA	NA	0	0	0	0	0	0	0	0
Grenada	offshore	NA	offshore total	oil	NA	NA	NA	1	0	0	0	0	0	0	0	0	0	0	0	0
Grenada	offshore	NA	offshore total	gas	NA	NA	NA	1	NA	NA	NA	NA	169.9463112	716.304478	1724.433695	804.127806	1.591185329	6.911747445	18.23888787	8.032335836
Grenada	NA	NA	total	oil	NA	NA	NA	1	0	0	0	0	0	0	0	0	0	0	0	0
Grenada	NA	NA	total	gas	NA	NA	NA	1	NA	NA	NA	NA	169.9463112	716.304478	1724.433695	804.127806	1.591185329	6.911747445	18.23888787	8.032335836
Guinea-Bissau	onshore	NA	onshore total	oil	NA	NA	NA	0	0	0	0	0	0	0	0	0	0	0	0	0
Guinea-Bissau	onshore	NA	onshore total	gas	NA	NA	NA	0	NA	NA	NA	NA	0	0	0	0	0	0	0	0
Guinea-Bissau	offshore	NA	offshore total	oil	NA	NA	NA	1	3.718957675	28.71696551	103.1248915	37.72591485	7.837838122	61.19253943	232.2555864	82.91566386	0.448531056	3.569837568	14.26374319	4.969101272
Guinea-Bissau	offshore	NA	offshore total	gas	NA	NA	NA	1	NA	NA	NA	NA	19.8830465	99.44605	306.3254844	122.5151817	0.830535204	4.254430584	13.98303662	5.39719957
Guinea-Bissau	NA	NA	total	oil	NA	NA	NA	1	3.718957675	28.71696551	103.1248915	37.72591485	7.837838122	61.19253943	232.2555864	82.91566386	0.448531056	3.569837568	14.26374319	4.969101272
Guinea-Bissau	NA	NA	total	gas	NA	NA	NA	1	NA	NA	NA	NA	19.8830465	99.44605	306.3254844	122.5151817	0.830535204	4.254430584	13.98303662	5.39719957
Guyana	onshore	NA	onshore total	oil	NA	NA	NA	1	5.309531577	21.48650015	48.48137684	23.48521276	6.945148697	29.14239274	71.26591734	32.88101396	0.323223549	1.418769099	3.70950069	1.642378931
Guyana	onshore	NA	onshore total	gas	NA	NA	NA	1	NA	NA	NA	NA	3.60150982	25.07506839	87.87708933	32.53314382	0.122787652	0.872529068	3.22896453	1.159562488
Guyana	offshore	NA	offshore total	oil	NA	NA	NA	1	448.4355189	1996.218737	4566.1087	2182.06584	831.4748342	3836.931806	9528.484795	4334.961341	46.21455682	222.8009937	602.3237582	259.5766911
Guyana	offshore	NA	offshore total	gas	NA	NA	NA	1	NA	NA	NA	NA	297.1380632	1385.495456	3771.263776	1621.467784	12.26008987	58.78319715	170.0818573	70.69442161
Guyana	NA	NA	total	oil	NA	NA	NA	1	453.7450505	2017.705237	4614.590077	2205.551053	838.4199829	3866.074199	9599.750712	4367.842355	46.53778037	224.2197628	606.0332589	261.2190701
Guyana	NA	NA	total	gas	NA	NA	NA	1	NA	NA	NA	NA	300.739573	1410.570524	3859.140866	1654.000928	12.38287752	59.65572621	173.3108219	71.8539841
Hungary	onshore	NA	onshore total	oil	NA	NA	NA	1	56.82094538	136.2673819	268.0537682	146.2137265	50.19368122	141.0188734	335.7817545	160.1276605	1.760985826	5.118852724	12.93951959	5.941324285
Hungary	onshore	NA	onshore total	gas	NA	NA	NA	1	NA	NA	NA	NA	950.3248297	2240.85703	4086.086524	2348.18063	24.09720816	65.83070445	140.9854072	72.06323712
Hungary	offshore	NA	offshore total	oil	NA	NA	NA	0	0	0	0	0	0	0	0	0	0	0	0	0
Hungary	offshore	NA	offshore total	gas	NA	NA	NA	0	NA	NA	NA	NA	0	0	0	0	0	0	0	0
Hungary	NA	NA	total	oil	NA	NA	NA	1	56.82094538	136.2673819	268.0537682	146.2137265	50.19368122	141.0188734	335.7817545	160.1276605	1.760985826	5.118852724	12.93951959	5.941324285
Hungary	NA	NA	total	gas	NA	NA	NA	1	NA	NA	NA	NA	950.3248297	2240.85703	4086.086524	2348.18063	24.09720816	65.83070445	140.9854072	72.06323712
India	onshore	NA	onshore total	oil	NA	NA	NA	1	257.6915817	720.2256916	1540.872412	787.3061714	599.4113757	1806.208257	4240.836956	2034.487509	33.28035491	105.3606826	267.272924	122.022754
India	onshore	NA	onshore total	gas	NA	NA	NA	1	NA	NA	NA	NA	2851.7494	10057.01052	22390.83017	11028.65478	26.28218899	97.30542554	254.3052342	113.2271291
India	offshore	NA	offshore total	oil	NA	NA	NA	1	568.7841619	1707.881707	3155.698176	1768.323942	1189.719795	3708.813324	7663.322975	3978.460062	25.26596542	86.57247528	202.7599135	96.73557126
India	offshore	NA	offshore total	gas	NA	NA	NA	1	NA	NA	NA	NA	3603.916503	12162.97525	26236.96569	13237.64926	80.87091184	262.9276506	590.2544576	289.5392224
India	NA	NA	total	oil	NA	NA	NA	1	826.4757436	2428.107399	4696.570588	2555.630113	1789.13117	5515.021582	11904.15993	6012.947571	58.54632033	191.9331579	470.0328376	218.7583253
India	NA	NA	total	gas	NA	NA	NA	1	NA	NA	NA	NA	6455.665903	22219.98578	48627.79585	24266.30404	107.1531008	360.2330762	844.5596918	402.7663515
Indonesia	onshore	NA	onshore total	oil	NA	NA	NA	1	792.1850294	2069.483069	4023.388417	2196.955574	1083.676868	3312.134604	7549.968786	3688.731331	53.18967683	175.3143946	440.914385	201.8992177
Indonesia	onshore	NA	onshore total	gas	NA	NA	NA	1	NA	NA	NA	NA	14527.94256	37660.99781	71800.11377	39729.83357	197.3627949	568.007061	1264.0972	627.7285229
Indonesia	offshore	NA	offshore total	oil	NA	NA	NA	1	1496.059566	4885.671392	10133.53448	5237.974183	3502.519069	12133.30125	27739.12227	13442.03474	191.2041239	694.0511091	1720.346223	792.5975749
Indonesia	offshore	NA	offshore total	gas	NA	NA	NA	1	NA	NA	NA	NA	14998.91376	47328.08838	98209.15057	50848.92539	314.4296402	1043.166821	2367.138743	1154.587722
Indonesia	NA	NA	total	oil	NA	NA	NA	1	2288.244595	6955.154461	14156.9229	7434.929756	4586.195937	15445.43585	35289.09105	17130.76608	244.3938007	869.3655037	2161.260608	994.4967927
Indonesia	NA	NA	total	gas	NA	NA	NA	1	NA	NA	NA	NA	29526.85632	84989.08619	170009.2643	90578.75897	511.7924351	1611.173882	3631.235944	1782.316245
Iran	onshore	NA	onshore total	oil	NA	NA	NA	1	12199.38494	37196.10212	75042.86764	39653.72572	16014.27512	51957.61341	116251.0035	57244.83376	655.1862651	2253.028381	5488.690177	2556.071769
Iran	onshore	NA	onshore total	gas	NA	NA	NA	1	NA	NA	NA	NA	36434.90836	111488.4345	225801.395	118952.7204	1473.613858	4736.736547	10506.0713	5211.616242
Iran	offshore	NA	offshore total	oil	NA	NA	NA	1	4088.984272	12639.68062	25500.78844	13460.64797	6468.328508	22372.07474	50679.44054	24694.91471	287.2470653	1070.785098	2648.260945	1217.991348
Iran	offshore	NA	offshore total	gas	NA	NA	NA	1	NA	NA	NA	NA	40320.06241	107640.7317	206999.8292	113674.8848	1613.832348	4575.966332	9653.216637	4969.261677
Iran	NA	NA	total	oil	NA	NA	NA	1	16288.36921	49835.78274	100543.6561	53114.37368	22482.60363	74329.68815	166930.444	81939.74848	942.4333304	3323.813479	8136.951123	3774.063117
Iran	NA	NA	total	gas	NA	NA	NA	1	NA	NA	NA	NA	76754.97078	219129.1662	432801.2242	232627.6052	3087.446205	9312.702878	20159.28793	10180.87792
Iraq	onshore	NA	onshore total	oil	NA	NA	NA	1	14152.73308	42653.43439	83926.69163	45098.75332	14784.91868	46868.20517	102013.566	51165.59793	506.4538202	1694.232971	3947.799899	1891.044225
Iraq	onshore	NA	onshore total	gas	NA	NA	NA	1	NA	NA	NA	NA	21960.58457	65793.37896	124951.1943	68840.42855	1348.984718	4099.116803	8071.434995	4334.23259
Iraq	offshore	NA	offshore total	oil	NA	NA	NA	0	0	0	0	0	0	0	0	0	0	0	0	0
Iraq	offshore	NA	offshore total	gas	NA	NA	NA	0	NA	NA	NA	NA	0	0	0	0	0	0	0	0
Iraq	NA	NA	total	oil	NA	NA	NA	1	14152.73308	42653.43439	83926.69163	45098.75332	14784.91868	46868.20517	102013.566	51165.59793	506.4538202	1694.232971	3947.799899	1891.044225
Iraq	NA	NA	total	gas	NA	NA	NA	1	NA	NA	NA	NA	21960.58457	65793.37896	124951.1943	68840.42855	1348.984718	4099.116803	8071.434995	4334.23259
Italy	onshore	NA	onshore total	oil	NA	NA	NA	1	38.79074733	293.2801788	915.7915358	360.4805388	81.21536596	625.5502627	2077.36853	792.5562745	4.680185608	36.40566015	129.4180769	47.617445
Italy	onshore	NA	onshore total	gas	NA	NA	NA	1	NA	NA	NA	NA	4554.855232	11315.51521	22487.61171	12186.12464	12.48005925	51.93050565	156.1885396	63.65153453
Italy	offshore	NA	offshore total	oil	NA	NA	NA	1	2.663699796	9.615911198	22.01222347	10.66342178	4.970159111	18.65584662	46.65978742	21.33673892	0.120333632	0.468349342	1.247061348	0.547115245
Italy	offshore	NA	offshore total	gas	NA	NA	NA	1	NA	NA	NA	NA	1650.106013	12185.61459	37216.30294	14271.88655	2.9655484	351.0512524	1380.950116	451.8700972
Italy	NA	NA	total	oil	NA	NA	NA	1	41.45444713	302.8960899	937.8037593	371.1439606	86.18552507	644.2061093	2124.028317	813.8930134	4.80051924	36.87400949	130.6651383	48.16456024
Italy	NA	NA	total	gas	NA	NA	NA	1	NA	NA	NA	NA	6204.961244	23501.1298	59703.91465	26458.0112	15.44560765	402.9817581	1537.138655	515.5216318
Joint Thailand/Malaysia	onshore	NA	onshore total	oil	NA	NA	NA	0	0	0	0	0	0	0	0	0	0	0	0	0
Joint Thailand/Malaysia	onshore	NA	onshore total	gas	NA	NA	NA	0	NA	NA	NA	NA	0	0	0	0	0	0	0	0
Joint Thailand/Malaysia	offshore	NA	offshore total	oil	NA	NA	NA	1	25.76034992	83.11358773	182.740284	91.3267239	114.9043335	387.6887088	931.1765375	438.078304	1.502503647	5.279639569	13.67266279	6.12541728
Joint Thailand/Malaysia	offshore	NA	offshore total	gas	NA	NA	NA	1	NA	NA	NA	NA	492.332231	1538.753383	3157.174088	1652.460844	9.175257187	29.87800604	67.56812527	33.06252221
Joint Thailand/Malaysia	NA	NA	total	oil	NA	NA	NA	1	25.76034992	83.11358773	182.740284	91.3267239	114.9043335	387.6887088	931.1765375	438.078304	1.502503647	5.279639569	13.67266279	6.12541728
Joint Thailand/Malaysia	NA	NA	total	gas	NA	NA	NA	1	NA	NA	NA	NA	492.332231	1538.753383	3157.174088	1652.460844	9.175257187	29.87800604	67.56812527	33.06252221
Jordan	onshore	NA	onshore total	oil	NA	NA	NA	1	0	0	0	0	0	0	0	0	0	0	0	0
Jordan	onshore	NA	onshore total	gas	NA	NA	NA	1	NA	NA	NA	NA	795.5121018	2345.104582	4267.502089	2422.488542	62.62369142	186.2214018	347.5810677	193.7102311
Jordan	offshore	NA	offshore total	oil	NA	NA	NA	0	0	0	0	0	0	0	0	0	0	0	0	0
Jordan	offshore	NA	offshore total	gas	NA	NA	NA	0	NA	NA	NA	NA	0	0	0	0	0	0	0	0
Jordan	NA	NA	total	oil	NA	NA	NA	1	0	0	0	0	0	0	0	0	0	0	0	0
Jordan	NA	NA	total	gas	NA	NA	NA	1	NA	NA	NA	NA	795.5121018	2345.104582	4267.502089	2422.488542	62.62369142	186.2214018	347.5810677	193.7102311
Kazakhstan	onshore	NA	onshore total	oil	NA	NA	NA	1	2617.225662	7293.874144	15393.41851	7930.598938	4018.732632	11631.24809	26303.74536	12951.68567	219.8616184	673.669728	1639.925224	767.6709938
Kazakhstan	onshore	NA	onshore total	gas	NA	NA	NA	1	NA	NA	NA	NA	7085.849812	23199.82352	53059.18656	25634.54192	255.2545183	958.2705145	2513.823117	1110.136883
Kazakhstan	offshore	NA	offshore total	oil	NA	NA	NA	1	3594.786868	11814.9991	27512.71921	13163.40819	6732.356529	22554.11158	55162.04549	25657.72243	370.2780664	1313.697096	3429.162654	1525.143693
Kazakhstan	offshore	NA	offshore total	gas	NA	NA	NA	1	NA	NA	NA	NA	1836.696664	7266.113156	17470.53034	8011.466709	42.838874	156.6602552	418.8789615	182.7694569
Kazakhstan	NA	NA	total	oil	NA	NA	NA	1	6212.01253	19108.87325	42906.13772	21094.00712	10751.08916	34185.35967	81465.79084	38609.4081	590.1396847	1987.366824	5069.087878	2292.814686
Kazakhstan	NA	NA	total	gas	NA	NA	NA	1	NA	NA	NA	NA	8922.546476	30465.93667	70529.7169	33646.00863	298.0933923	1114.93077	2932.702078	1292.90634
Kuwait	onshore	NA	onshore total	oil	NA	NA	NA	1	503.3200455	1505.697871	2963.30361	1592.534734	482.0366157	1505.833294	3248.87409	1639.848139	12.75769179	41.68619487	93.82707292	45.95593017
Kuwait	onshore	NA	onshore total	gas	NA	NA	NA	1	NA	NA	NA	NA	390.1271332	1102.149407	2078.18627	1152.157287	15.86458725	46.97449454	98.02253082	50.66052024
Kuwait	offshore	NA	offshore total	oil	NA	NA	NA	1	712.0822583	2120.968244	4193.557778	2247.320689	660.653325	2055.598021	4482.100875	2247.493603	15.64311683	50.72583364	115.6638882	56.19570988
Kuwait	offshore	NA	offshore total	gas	NA	NA	NA	1	NA	NA	NA	NA	329.4706038	820.3833792	1602.101731	875.4378646	13.2584765	35.06920959	75.53640892	38.50055898
Kuwait	NA	NA	total	oil	NA	NA	NA	1	1215.402304	3626.666115	7156.861388	3839.855423	1142.689941	3561.431315	7730.974965	3887.341743	28.40080862	92.41202851	209.4909611	102.15164
Kuwait	NA	NA	total	gas	NA	NA	NA	1	NA	NA	NA	NA	719.597737	1922.532786	3680.288001	2027.595152	29.12306375	82.04370413	173.5589397	89.16107922
Libya	onshore	NA	onshore total	oil	NA	NA	NA	1	2407.240229	6155.248772	11834.72779	6577.993536	1764.083077	5324.012928	12279.48114	5960.335945	91.26354724	262.1179665	604.0139777	294.2035169
Libya	onshore	NA	onshore total	gas	NA	NA	NA	1	NA	NA	NA	NA	2580.960376	6360.524107	12748.43529	6845.262132	97.93532491	276.6813659	622.0493668	307.8934802
Libya	offshore	NA	offshore total	oil	NA	NA	NA	1	515.5366172	1262.694348	3513.596512	1692.593883	536.0513485	1522.26067	9903.068945	3571.637493	26.14931703	70.1034865	547.0040035	190.7866289
Libya	offshore	NA	offshore total	gas	NA	NA	NA	1	NA	NA	NA	NA	829.3418162	2232.077151	12243.05984	4731.445501	20.35949282	51.83409618	340.99034	125.855003
Libya	NA	NA	total	oil	NA	NA	NA	1	2922.776846	7417.94312	15348.3243	8270.587419	2300.134425	6846.273598	22182.55009	9531.973438	117.4128643	332.221453	1151.017981	484.9901458
Libya	NA	NA	total	gas	NA	NA	NA	1	NA	NA	NA	NA	3410.302192	8592.601259	24991.49513	11576.70763	118.2948177	328.5154621	963.0397068	433.7484833
Malaysia	onshore	NA	onshore total	oil	NA	NA	NA	1	21.78260266	68.75635233	145.8817918	74.56647934	53.1242341	172.8606375	399.6317321	192.8964563	2.93969564	10.09142487	25.28525845	11.57703522
Malaysia	onshore	NA	onshore total	gas	NA	NA	NA	1	NA	NA	NA	NA	70.77249404	224.2561182	493.372997	245.8247031	2.853317412	9.567093348	22.96721815	10.81570866
Malaysia	offshore	NA	offshore total	oil	NA	NA	NA	1	868.8629246	2742.38322	5781.084454	2967.26137	2670.156625	8816.206233	20434.47517	9834.46004	98.85188529	339.7067136	841.5740746	387.5645942
Malaysia	offshore	NA	offshore total	gas	NA	NA	NA	1	NA	NA	NA	NA	12552.18328	37131.04009	75869.96382	39900.86783	260.9573134	828.1475593	1886.267001	919.5417263
Malaysia	NA	NA	total	oil	NA	NA	NA	1	890.6455272	2811.139572	5926.966246	3041.827849	2723.280859	8989.06687	20834.1069	10027.3565	101.7915809	349.7981384	866.8593331	399.1416294
Malaysia	NA	NA	total	gas	NA	NA	NA	1	NA	NA	NA	NA	12622.95578	37355.2962	76363.33682	40146.69254	263.8106308	837.7146526	1909.234219	930.357435
Malta	onshore	NA	onshore total	oil	NA	NA	NA	0	0	0	0	0	0	0	0	0	0	0	0	0
Malta	onshore	NA	onshore total	gas	NA	NA	NA	0	NA	NA	NA	NA	0	0	0	0	0	0	0	0
Malta	offshore	NA	offshore total	oil	NA	NA	NA	1	8.626700043	32.70184793	75.66636207	36.27109875	16.17684341	63.28692791	160.7430819	72.58798965	0.234614541	0.937940838	2.463420868	1.088859621
Malta	offshore	NA	offshore total	gas	NA	NA	NA	1	NA	NA	NA	NA	26.41987794	118.066842	286.304904	132.5857378	0.250404608	1.143450115	3.017969753	1.324527127
Malta	NA	NA	total	oil	NA	NA	NA	1	8.626700043	32.70184793	75.66636207	36.27109875	16.17684341	63.28692791	160.7430819	72.58798965	0.234614541	0.937940838	2.463420868	1.088859621
Malta	NA	NA	total	gas	NA	NA	NA	1	NA	NA	NA	NA	26.41987794	118.066842	286.304904	132.5857378	0.250404608	1.143450115	3.017969753	1.324527127
Mauritania	onshore	NA	onshore total	oil	NA	NA	NA	0	0	0	0	0	0	0	0	0	0	0	0	0
Mauritania	onshore	NA	onshore total	gas	NA	NA	NA	0	NA	NA	NA	NA	0	0	0	0	0	0	0	0
Mauritania	offshore	NA	offshore total	oil	NA	NA	NA	1	4.803653664	37.09274712	133.2029849	48.72930669	10.12387424	79.04036343	299.9967991	107.0993992	0.579352614	4.611040192	18.42400162	6.418422476
Mauritania	offshore	NA	offshore total	gas	NA	NA	NA	1	NA	NA	NA	NA	25.6822684	128.4511479	395.6704174	158.2487763	1.072774639	5.495306171	18.0614223	6.971382777
Mauritania	NA	NA	total	oil	NA	NA	NA	1	4.803653664	37.09274712	133.2029849	48.72930669	10.12387424	79.04036343	299.9967991	107.0993992	0.579352614	4.611040192	18.42400162	6.418422476
Mauritania	NA	NA	total	gas	NA	NA	NA	1	NA	NA	NA	NA	25.6822684	128.4511479	395.6704174	158.2487763	1.072774639	5.495306171	18.0614223	6.971382777
Mexico	onshore	NA	onshore total	oil	NA	NA	NA	1	2368.057974	7317.433323	14321.73438	7706.793327	4096.568118	13165.80379	28284.22534	14273.76115	228.2450341	766.194459	1792.553103	856.4792639
Mexico	onshore	NA	onshore total	gas	NA	NA	NA	1	NA	NA	NA	NA	1228.628688	5476.068631	13828.40929	6261.837242	50.44275367	233.7214472	636.8086458	275.1798207
Mexico	offshore	NA	offshore total	oil	NA	NA	NA	1	3606.603984	11285.33218	25918.55802	12861.8014	5780.674176	18690.78426	47680.20664	22153.73315	322.1875412	1088.841771	3001.066308	1329.895651
Mexico	offshore	NA	offshore total	gas	NA	NA	NA	1	NA	NA	NA	NA	800.9780013	5430.429435	16181.34944	6582.342972	33.45971433	231.9972327	738.5484038	289.2831638
Mexico	NA	NA	total	oil	NA	NA	NA	1	5974.661958	18602.7655	40240.2924	20568.59472	9877.242294	31856.58805	75964.43199	36427.4943	550.4325752	1855.03623	4793.619411	2186.374915
Mexico	NA	NA	total	gas	NA	NA	NA	1	NA	NA	NA	NA	2029.606689	10906.49807	30009.75873	12844.18021	83.902468	465.7186799	1375.35705	564.4629845
Morocco	onshore	NA	onshore total	oil	NA	NA	NA	0.4	0	0	15.93456601	3.792153596	0	0	61.46583535	14.19992396	0	0	3.751713315	0.853827213
Morocco	onshore	NA	onshore total	gas	NA	NA	NA	0.4	NA	NA	NA	NA	0	0	377.1011123	91.56873922	0	0	18.58550829	4.400071531
Morocco	offshore	NA	offshore total	oil	NA	NA	NA	0	0	0	0	0	0	0	0	0	0	0	0	0
Morocco	offshore	NA	offshore total	gas	NA	NA	NA	0	NA	NA	NA	NA	0	0	0	0	0	0	0	0
Morocco	NA	NA	total	oil	NA	NA	NA	0.4	0	0	15.93456601	3.792153596	0	0	61.46583535	14.19992396	0	0	3.751713315	0.853827213
Morocco	NA	NA	total	gas	NA	NA	NA	0.4	NA	NA	NA	NA	0	0	377.1011123	91.56873922	0	0	18.58550829	4.400071531
Myanmar	onshore	NA	onshore total	oil	NA	NA	NA	1	86.96940405	519.9702854	1396.851936	602.1623255	239.2823311	1470.333666	4325.896293	1765.915731	13.54919576	85.52893561	268.8445158	106.0384615
Myanmar	onshore	NA	onshore total	gas	NA	NA	NA	1	NA	NA	NA	NA	1789.836625	6821.086501	15818.13332	7569.348522	32.69368868	140.5624818	369.3226419	163.0488747
Myanmar	offshore	NA	offshore total	oil	NA	NA	NA	1	17.48866747	109.0854284	304.4470766	128.3001227	120.542985	776.6873306	2355.264287	944.4352608	6.90175926	45.02303417	146.0179573	56.63980688
Myanmar	offshore	NA	offshore total	gas	NA	NA	NA	1	NA	NA	NA	NA	3883.429227	15051.0998	35807.81415	16864.62871	103.1354887	422.2534565	1092.487306	487.9663182
Myanmar	NA	NA	total	oil	NA	NA	NA	1	104.4580715	629.0557138	1701.299012	730.4624482	359.8253161	2247.020996	6681.16058	2710.350992	20.45095502	130.5519698	414.8624731	162.6782684
Myanmar	NA	NA	total	gas	NA	NA	NA	1	NA	NA	NA	NA	5673.265852	21872.1863	51625.94747	24433.97723	135.8291774	562.8159383	1461.809948	651.015193
Namibia	onshore	NA	onshore total	oil	NA	NA	NA	0	0	0	0	0	0	0	0	0	0	0	0	0
Namibia	onshore	NA	onshore total	gas	NA	NA	NA	0	NA	NA	NA	NA	0	0	0	0	0	0	0	0
Namibia	offshore	NA	offshore total	oil	NA	NA	NA	1	16.68442401	66.84384139	239.8176067	89.22658838	32.87806614	136.3952736	512.550428	186.8561719	1.818685471	7.933670859	31.20448771	11.11697805
Namibia	offshore	NA	offshore total	gas	NA	NA	NA	1	NA	NA	NA	NA	252.4672078	1136.130855	3180.703336	1346.728178	10.35808632	48.47462933	145.543036	59.24361646
Namibia	NA	NA	total	oil	NA	NA	NA	1	16.68442401	66.84384139	239.8176067	89.22658838	32.87806614	136.3952736	512.550428	186.8561719	1.818685471	7.933670859	31.20448771	11.11697805
Namibia	NA	NA	total	gas	NA	NA	NA	1	NA	NA	NA	NA	252.4672078	1136.130855	3180.703336	1346.728178	10.35808632	48.47462933	145.543036	59.24361646
Netherlands	onshore	NA	onshore total	oil	NA	NA	NA	1	5.771154509	16.82888681	36.89897828	18.50882727	4.770447699	14.69115669	35.19980528	16.66546014	0.008522234	0.029126477	0.081964556	0.035242597
Netherlands	onshore	NA	onshore total	gas	NA	NA	NA	1	NA	NA	NA	NA	753.8105038	1828.523207	3244.327957	1899.508029	1.336930759	3.605628626	8.056085772	4.009795826
Netherlands	offshore	NA	offshore total	oil	NA	NA	NA	1	107.0499381	277.852062	564.6686856	300.5201952	76.69614486	210.4904563	466.4966133	233.2528413	4.237657052	12.37725008	29.59497173	14.0257326
Netherlands	offshore	NA	offshore total	gas	NA	NA	NA	1	NA	NA	NA	NA	1656.148977	5791.107341	13185.41967	6404.542074	39.50519061	121.2900284	285.0068356	136.7941562
Netherlands	NA	NA	total	oil	NA	NA	NA	1	112.8210926	294.6809488	601.5676639	319.0290225	81.46659256	225.181613	501.6964186	249.9183015	4.246179286	12.40637655	29.67693629	14.0609752
Netherlands	NA	NA	total	gas	NA	NA	NA	1	NA	NA	NA	NA	2409.959481	7619.630547	16429.74763	8304.050103	40.84212137	124.8956571	293.0629213	140.803952
Nigeria	onshore	NA	onshore total	oil	NA	NA	NA	1	7390.868286	15205.31637	23982.062	15396.0285	12045.28199	26703.55665	49499.1171	28152.34506	376.9290453	872.9858025	1710.522697	934.433635
Nigeria	onshore	NA	onshore total	gas	NA	NA	NA	1	NA	NA	NA	NA	14145.35463	26640.7863	40649.12223	26951.24098	853.3855498	1617.653463	2512.350185	1642.230684
Nigeria	offshore	NA	offshore total	oil	NA	NA	NA	1	8711.807209	21924.57035	36702.27887	22219.64264	14454.23093	38646.64144	75474.74591	40910.51622	456.7983544	1262.441723	2600.10469	1359.151616
Nigeria	offshore	NA	offshore total	gas	NA	NA	NA	1	NA	NA	NA	NA	12178.88104	26755.91765	43454.05639	27194.48612	730.5097996	1606.181898	2637.17347	1636.127099
Nigeria	NA	NA	total	oil	NA	NA	NA	1	16102.6755	37129.88672	60684.34086	37615.67113	26499.51293	65350.19809	124973.863	69062.86128	833.7273997	2135.427525	4310.627387	2293.585251
Nigeria	NA	NA	total	gas	NA	NA	NA	1	NA	NA	NA	NA	26324.23568	53396.70395	84103.17862	54145.7271	1583.895349	3223.835361	5149.523655	3278.357783
Norway	onshore	NA	onshore total	oil	NA	NA	NA	0	0	0	0	0	0	0	0	0	0	0	0	0
Norway	onshore	NA	onshore total	gas	NA	NA	NA	0	NA	NA	NA	NA	0	0	0	0	0	0	0	0
Norway	offshore	NA	offshore total	oil	NA	NA	NA	1	3424.086065	11642.03456	26329.27585	12881.38851	5622.275679	22380.92196	57142.17396	25762.93849	387.8472595	1644.233146	4531.228985	1942.231539
Norway	offshore	NA	offshore total	gas	NA	NA	NA	1	NA	NA	NA	NA	13619.72794	134096.3539	373945.7752	157272.6321	763.7123001	6581.126056	19392.83677	7910.673229
Norway	NA	NA	total	oil	NA	NA	NA	1	3424.086065	11642.03456	26329.27585	12881.38851	5622.275679	22380.92196	57142.17396	25762.93849	387.8472595	1644.233146	4531.228985	1942.231539
Norway	NA	NA	total	gas	NA	NA	NA	1	NA	NA	NA	NA	13619.72794	134096.3539	373945.7752	157272.6321	763.7123001	6581.126056	19392.83677	7910.673229
Oman	onshore	NA	onshore total	oil	NA	NA	NA	1	829.7567948	3034.491065	7259.58808	3412.702512	1631.141578	6042.466162	15196.98171	6922.935622	91.03932126	341.5525588	886.9423242	396.1985324
Oman	onshore	NA	onshore total	gas	NA	NA	NA	1	NA	NA	NA	NA	7089.262708	23569.01845	50192.90763	25512.93714	334.686994	1176.165062	2704.906541	1303.696904
Oman	offshore	NA	offshore total	oil	NA	NA	NA	1	7.877998313	33.15168618	86.62753524	38.48102084	44.41950007	193.2881215	545.509771	231.3167327	2.504105186	11.34307505	33.88669733	13.90279749
Oman	offshore	NA	offshore total	gas	NA	NA	NA	1	NA	NA	NA	NA	234.2245165	970.3881805	2288.071323	1079.254076	9.640861413	41.39150893	106.2179602	47.52186283
Oman	NA	NA	total	oil	NA	NA	NA	1	837.6347931	3067.642752	7346.215615	3451.183532	1675.561078	6235.754283	15742.49148	7154.252355	93.54342645	352.8956339	920.8290215	410.1013298
Oman	NA	NA	total	gas	NA	NA	NA	1	NA	NA	NA	NA	7323.487225	24539.40663	52480.97895	26592.19122	344.3278555	1217.556571	2811.124502	1351.218767
Pakistan	onshore	NA	onshore total	oil	NA	NA	NA	1	86.76482213	230.2958672	464.6162222	247.5399916	176.1145593	492.6659131	1082.692586	543.7854128	9.758471929	28.8025847	68.70986017	32.64428853
Pakistan	onshore	NA	onshore total	gas	NA	NA	NA	1	NA	NA	NA	NA	6897.28427	20937.57527	45428.36146	22925.96086	227.7690699	716.3772658	1659.911153	802.6703355
Pakistan	offshore	NA	offshore total	oil	NA	NA	NA	1	3.37784234	9.286010627	19.54955236	10.1354924	6.796990274	19.85124614	45.66811797	22.26048453	0.378950138	1.159658382	2.893635671	1.336098244
Pakistan	offshore	NA	offshore total	gas	NA	NA	NA	1	NA	NA	NA	NA	360.6082259	3172.629638	15855.03069	5113.618142	11.9082262	107.4047281	569.3292931	179.00794
Pakistan	NA	NA	total	oil	NA	NA	NA	1	90.14266447	239.5818778	484.1657746	257.675484	182.9115495	512.5171592	1128.360704	566.0458973	10.13742207	29.96224308	71.60349584	33.98038677
Pakistan	NA	NA	total	gas	NA	NA	NA	1	NA	NA	NA	NA	7257.892496	24110.2049	61283.39215	28039.579	239.6772961	823.7819939	2229.240446	981.6782754
Paraguay	onshore	NA	onshore total	oil	NA	NA	NA	1	53.02770282	645.0631062	2689.543872	902.4543641	130.40766	1604.06028	7197.830996	2342.636014	7.343377336	91.96339426	447.099617	140.4811069
Paraguay	onshore	NA	onshore total	gas	NA	NA	NA	1	NA	NA	NA	NA	151.1368967	1576.486972	6230.007107	2163.759799	5.377020256	56.16113602	238.4293632	80.02777211
Paraguay	offshore	NA	offshore total	oil	NA	NA	NA	0	0	0	0	0	0	0	0	0	0	0	0	0
Paraguay	offshore	NA	offshore total	gas	NA	NA	NA	0	NA	NA	NA	NA	0	0	0	0	0	0	0	0
Paraguay	NA	NA	total	oil	NA	NA	NA	1	53.02770282	645.0631062	2689.543872	902.4543641	130.40766	1604.06028	7197.830996	2342.636014	7.343377336	91.96339426	447.099617	140.4811069
Paraguay	NA	NA	total	gas	NA	NA	NA	1	NA	NA	NA	NA	151.1368967	1576.486972	6230.007107	2163.759799	5.377020256	56.16113602	238.4293632	80.02777211
Peru	onshore	NA	onshore total	oil	NA	NA	NA	1	587.0006797	1643.111307	3607.894366	1832.824532	225.997667	727.7260758	2085.192873	922.722304	8.258139	29.31007492	98.69623644	40.25500374
Peru	onshore	NA	onshore total	gas	NA	NA	NA	1	NA	NA	NA	NA	84.96202022	383.9675376	2993.366844	978.0204316	3.477834215	16.1290131	136.7709036	43.03657129
Peru	offshore	NA	offshore total	oil	NA	NA	NA	1	414.5302515	1401.850411	2812.14343	1482.93527	613.1944853	2151.680271	4729.822694	2345.414729	34.46543505	125.4894856	298.2407298	140.70821
Peru	offshore	NA	offshore total	gas	NA	NA	NA	1	NA	NA	NA	NA	481.4514479	1876.562572	4404.585471	2091.011886	19.70772722	80.22378523	203.4046861	91.96637813
Peru	NA	NA	total	oil	NA	NA	NA	1	1001.530931	3044.961719	6420.037796	3315.759801	839.1921522	2879.406347	6815.015567	3268.137033	42.72357405	154.7995605	396.9369663	180.9632137
Peru	NA	NA	total	gas	NA	NA	NA	1	NA	NA	NA	NA	566.4134681	2260.53011	7397.952316	3069.032317	23.18556143	96.35279833	340.1755897	135.0029494
Poland	onshore	NA	onshore total	oil	NA	NA	NA	1	65.11892521	189.3583387	398.8655188	206.1684919	174.8178836	536.6692412	1229.583081	599.3324574	9.693861782	31.27532375	77.69969641	35.90406344
Poland	onshore	NA	onshore total	gas	NA	NA	NA	1	NA	NA	NA	NA	745.8470699	2041.451739	4272.479837	2222.379868	7.209282224	22.0619008	51.38776468	24.76324236
Poland	offshore	NA	offshore total	oil	NA	NA	NA	0	0	0	0	0	0	0	0	0	0	0	0	0
Poland	offshore	NA	offshore total	gas	NA	NA	NA	0	NA	NA	NA	NA	0	0	0	0	0	0	0	0
Poland	NA	NA	total	oil	NA	NA	NA	1	65.11892521	189.3583387	398.8655188	206.1684919	174.8178836	536.6692412	1229.583081	599.3324574	9.693861782	31.27532375	77.69969641	35.90406344
Poland	NA	NA	total	gas	NA	NA	NA	1	NA	NA	NA	NA	745.8470699	2041.451739	4272.479837	2222.379868	7.209282224	22.0619008	51.38776468	24.76324236
Qatar	onshore	NA	onshore total	oil	NA	NA	NA	1	586.6582639	1514.114822	2782.229733	1577.736345	728.3560469	1936.855923	3720.821356	2047.648105	28.67326406	81.39035471	173.9311567	88.68047256
Qatar	onshore	NA	onshore total	gas	NA	NA	NA	1	NA	NA	NA	NA	6283.649718	14755.83241	26993.47142	15454.95252	250.7517548	631.2068534	1273.547194	679.681212
Qatar	offshore	NA	offshore total	oil	NA	NA	NA	1	723.3299239	1946.659695	3656.893921	2039.16587	1006.37241	2861.964332	5771.385033	3063.185081	44.33697691	135.5231817	303.6464069	149.6987629
Qatar	offshore	NA	offshore total	gas	NA	NA	NA	1	NA	NA	NA	NA	7753.562285	19483.91433	36824.1178	20534.06177	310.592496	833.3585254	1732.96703	903.1009525
Qatar	NA	NA	total	oil	NA	NA	NA	1	1309.988188	3460.774517	6439.123654	3616.902215	1734.728457	4798.820254	9492.206389	5110.833187	73.01024096	216.9135364	477.5775636	238.3792355
Qatar	NA	NA	total	gas	NA	NA	NA	1	NA	NA	NA	NA	14037.212	34239.74674	63817.58921	35989.01429	561.3442508	1464.565379	3006.514224	1582.782165
Romania	onshore	NA	onshore total	oil	NA	NA	NA	1	381.9851196	986.6763577	2035.676688	1072.978895	368.3022484	1041.491749	2377.760491	1165.840225	10.41535358	31.10489365	76.6020231	35.69146743
Romania	onshore	NA	onshore total	gas	NA	NA	NA	1	NA	NA	NA	NA	1036.388836	3812.83532	8914.670616	4250.510471	22.29058864	80.68516228	200.7099316	92.10823794
Romania	offshore	NA	offshore total	oil	NA	NA	NA	0	0	0	0	0	0	0	0	0	0	0	0	0
Romania	offshore	NA	offshore total	gas	NA	NA	NA	0	NA	NA	NA	NA	0	0	0	0	0	0	0	0
Romania	NA	NA	total	oil	NA	NA	NA	1	381.9851196	986.6763577	2035.676688	1072.978895	368.3022484	1041.491749	2377.760491	1165.840225	10.41535358	31.10489365	76.6020231	35.69146743
Romania	NA	NA	total	gas	NA	NA	NA	1	NA	NA	NA	NA	1036.388836	3812.83532	8914.670616	4250.510471	22.29058864	80.68516228	200.7099316	92.10823794
Russia	onshore	NA	onshore total	oil	NA	NA	NA	1	22345.60502	61593.24882	125199.7818	66301.6961	39708.40352	121837.113	276980.4566	135424.1651	2205.826041	7104.305875	17475.71499	8119.217507
Russia	onshore	NA	onshore total	gas	NA	NA	NA	1	NA	NA	NA	NA	76758.6658	242596.594	513616.2324	262530.9602	2398.101706	8069.364857	18405.50874	8937.098946
Russia	offshore	NA	offshore total	oil	NA	NA	NA	1	2688.002852	10052.33139	22859.99532	11080.08763	8285.5705	36146.28777	91617.63344	41242.1431	467.6627446	2112.524191	5718.519387	2475.31799
Russia	offshore	NA	offshore total	gas	NA	NA	NA	1	NA	NA	NA	NA	185577.6429	664275.0797	1484470.142	729537.8411	4356.532638	16270.70145	39838.99547	18428.61846
Russia	NA	NA	total	oil	NA	NA	NA	1	25033.60787	71645.58021	148059.7771	77381.78372	47993.97402	157983.4008	368598.09	176666.3081	2673.488785	9216.830066	23194.23438	10594.5355
Russia	NA	NA	total	gas	NA	NA	NA	1	NA	NA	NA	NA	262336.3087	906871.6737	1998086.375	992068.8013	6754.634344	24340.06631	58244.50421	27365.71741
Saudi Arabia	onshore	NA	onshore total	oil	NA	NA	NA	1	25380.91467	71452.50431	140784.2348	75844.20849	29521.52078	97504.08098	227932.3373	109167.8017	1489.425327	5274.124374	13545.99668	6101.913824
Saudi Arabia	onshore	NA	onshore total	gas	NA	NA	NA	1	NA	NA	NA	NA	162249.3271	489884.6243	951831.925	515946.0309	12187.74948	37516.28604	78081.70489	40338.39645
Saudi Arabia	offshore	NA	offshore total	oil	NA	NA	NA	1	4011.864527	10791.86446	20121.52899	11248.7004	4594.395502	12714.07965	24828.28784	13440.1799	163.4209859	467.6062238	981.7413087	504.8728771
Saudi Arabia	offshore	NA	offshore total	gas	NA	NA	NA	1	NA	NA	NA	NA	15798.08029	40886.41484	75611.38981	42442.1465	654.692104	1809.327043	3645.657305	1926.451265
Saudi Arabia	NA	NA	total	oil	NA	NA	NA	1	29392.7792	82244.36877	160905.7638	87092.90889	34115.91628	110218.1606	252760.6252	122607.9816	1652.846313	5741.730598	14527.73799	6606.786701
Saudi Arabia	NA	NA	total	gas	NA	NA	NA	1	NA	NA	NA	NA	178047.4074	530771.0391	1027443.315	558388.1774	12842.44159	39325.61308	81727.3622	42264.84771
Senegal	onshore	NA	onshore total	oil	NA	NA	NA	1	0.991722047	7.65785747	27.49997108	10.06024396	2.090090166	16.31801052	61.93482303	22.1108437	0.119608282	0.951956685	3.80366485	1.325093672
Senegal	onshore	NA	onshore total	gas	NA	NA	NA	1	NA	NA	NA	NA	5.302145734	26.51894667	81.68679585	32.67071511	0.221476054	1.134514822	3.728809766	1.439253219
Senegal	offshore	NA	offshore total	oil	NA	NA	NA	1	3.966888187	30.63142988	109.9998843	40.24097584	8.360360663	65.27204206	247.7392921	88.44337479	0.478433126	3.807826739	15.2146594	5.30037469
Senegal	offshore	NA	offshore total	gas	NA	NA	NA	1	NA	NA	NA	NA	21.20858293	106.0757867	326.7471834	130.6828604	0.885904218	4.53805929	14.91523906	5.757012874
Senegal	NA	NA	total	oil	NA	NA	NA	1	4.958610234	38.28928735	137.4998554	50.30121981	10.45045083	81.59005258	309.6741152	110.5542185	0.598041408	4.759783424	19.01832425	6.625468362
Senegal	NA	NA	total	gas	NA	NA	NA	1	NA	NA	NA	NA	26.51072867	132.5947333	408.4339793	163.3535755	1.107380272	5.672574112	18.64404883	7.196266093
Serbia and Montenegro	onshore	NA	onshore total	oil	NA	NA	NA	1	22.55048529	46.98826914	81.61798572	49.05049273	19.24603389	46.65052692	102.5099223	51.88805269	0.701121073	1.823464408	4.316530134	2.077298045
Serbia and Montenegro	onshore	NA	onshore total	gas	NA	NA	NA	1	NA	NA	NA	NA	92.46215408	211.1173188	368.3532116	218.7612815	2.307058263	6.055643699	12.49218845	6.559423978
Serbia and Montenegro	offshore	NA	offshore total	oil	NA	NA	NA	0	0	0	0	0	0	0	0	0	0	0	0	0
Serbia and Montenegro	offshore	NA	offshore total	gas	NA	NA	NA	0	NA	NA	NA	NA	0	0	0	0	0	0	0	0
Serbia and Montenegro	NA	NA	total	oil	NA	NA	NA	1	22.55048529	46.98826914	81.61798572	49.05049273	19.24603389	46.65052692	102.5099223	51.88805269	0.701121073	1.823464408	4.316530134	2.077298045
Serbia and Montenegro	NA	NA	total	gas	NA	NA	NA	1	NA	NA	NA	NA	92.46215408	211.1173188	368.3532116	218.7612815	2.307058263	6.055643699	12.49218845	6.559423978
Slovakia	onshore	NA	onshore total	oil	NA	NA	NA	1	1.80072826	8.497410576	22.26276907	9.793928042	2.015651183	9.856231957	27.90416999	11.7400445	0.056721575	0.286910878	0.875152373	0.352261219
Slovakia	onshore	NA	onshore total	gas	NA	NA	NA	1	NA	NA	NA	NA	64.13060648	219.2140865	512.6460733	244.7357463	1.419506249	5.217986422	13.35530801	6.013002405
Slovakia	offshore	NA	offshore total	oil	NA	NA	NA	0	0	0	0	0	0	0	0	0	0	0	0	0
Slovakia	offshore	NA	offshore total	gas	NA	NA	NA	0	NA	NA	NA	NA	0	0	0	0	0	0	0	0
Slovakia	NA	NA	total	oil	NA	NA	NA	1	1.80072826	8.497410576	22.26276907	9.793928042	2.015651183	9.856231957	27.90416999	11.7400445	0.056721575	0.286910878	0.875152373	0.352261219
Slovakia	NA	NA	total	gas	NA	NA	NA	1	NA	NA	NA	NA	64.13060648	219.2140865	512.6460733	244.7357463	1.419506249	5.217986422	13.35530801	6.013002405
Slovenia	onshore	NA	onshore total	oil	NA	NA	NA	1	0	0	0	0	0	0	0	0	0	0	0	0
Slovenia	onshore	NA	onshore total	gas	NA	NA	NA	1	NA	NA	NA	NA	4.996994464	9.700536529	17.59009403	10.3016597	0.119956461	0.280732822	0.593313525	0.308726555
Slovenia	offshore	NA	offshore total	oil	NA	NA	NA	0	0	0	0	0	0	0	0	0	0	0	0	0
Slovenia	offshore	NA	offshore total	gas	NA	NA	NA	0	NA	NA	NA	NA	0	0	0	0	0	0	0	0
Slovenia	NA	NA	total	oil	NA	NA	NA	1	0	0	0	0	0	0	0	0	0	0	0	0
Slovenia	NA	NA	total	gas	NA	NA	NA	1	NA	NA	NA	NA	4.996994464	9.700536529	17.59009403	10.3016597	0.119956461	0.280732822	0.593313525	0.308726555
South Africa	onshore	NA	onshore total	oil	NA	NA	NA	0	0	0	0	0	0	0	0	0	0	0	0	0
South Africa	onshore	NA	onshore total	gas	NA	NA	NA	0	NA	NA	NA	NA	0	0	0	0	0	0	0	0
South Africa	offshore	NA	offshore total	oil	NA	NA	NA	1	6.789274808	26.04260978	93.61595775	34.85389614	13.74649904	55.92680442	210.2126102	76.69448958	0.763058288	3.277284186	12.8890869	4.595197138
South Africa	offshore	NA	offshore total	gas	NA	NA	NA	1	NA	NA	NA	NA	377.6990068	1697.109611	4733.451407	2008.576922	15.49537771	72.40641756	216.6381753	88.35885203
South Africa	NA	NA	total	oil	NA	NA	NA	1	6.789274808	26.04260978	93.61595775	34.85389614	13.74649904	55.92680442	210.2126102	76.69448958	0.763058288	3.277284186	12.8890869	4.595197138
South Africa	NA	NA	total	gas	NA	NA	NA	1	NA	NA	NA	NA	377.6990068	1697.109611	4733.451407	2008.576922	15.49537771	72.40641756	216.6381753	88.35885203
Spain	onshore	NA	onshore total	oil	NA	NA	NA	0	0	0	0	0	0	0	0	0	0	0	0	0
Spain	onshore	NA	onshore total	gas	NA	NA	NA	0	NA	NA	NA	NA	0	0	0	0	0	0	0	0
Spain	offshore	NA	offshore total	oil	NA	NA	NA	0.6	0	43.2571835	279.7698087	77.65874533	0	90.79506617	629.7747841	171.2553387	0	5.215484462	38.51587478	10.28525525
Spain	offshore	NA	offshore total	gas	NA	NA	NA	0.6	NA	NA	NA	NA	0	14422.59811	51985.70063	17623.91882	0	600.1453392	2383.059637	774.7291859
Spain	NA	NA	total	oil	NA	NA	NA	0.6	0	43.2571835	279.7698087	77.65874533	0	90.79506617	629.7747841	171.2553387	0	5.215484462	38.51587478	10.28525525
Spain	NA	NA	total	gas	NA	NA	NA	0.6	NA	NA	NA	NA	0	14422.59811	51985.70063	17623.91882	0	600.1453392	2383.059637	774.7291859
Sudan	onshore	NA	onshore total	oil	NA	NA	NA	1	63.1955848	181.6912663	316.3658424	184.96878	140.4200655	417.1347274	789.3812636	434.6055865	8.323118172	24.97187715	47.73915439	26.07461701
Sudan	onshore	NA	onshore total	gas	NA	NA	NA	1	NA	NA	NA	NA	1044.17097	3288.800754	5937.126448	3371.480728	60.19533835	194.0776758	369.5662641	202.0734737
Sudan	offshore	NA	offshore total	oil	NA	NA	NA	1	182.7016323	577.613078	1037.67834	586.189684	405.9615123	1305.053835	2543.49869	1359.470304	24.06255565	75.09809941	146.029134	78.47330013
Sudan	offshore	NA	offshore total	gas	NA	NA	NA	1	NA	NA	NA	NA	3018.751091	10119.89765	18501.29481	10325.56612	174.0277681	585.1659388	1122.799967	607.3341915
Sudan	NA	NA	total	oil	NA	NA	NA	1	245.8972171	759.3043443	1354.044183	771.158464	546.3815778	1722.188562	3332.879954	1794.07589	32.38567382	100.0699766	193.7682884	104.5479171
Sudan	NA	NA	total	gas	NA	NA	NA	1	NA	NA	NA	NA	4062.922061	13408.6984	24438.42125	13697.04685	234.2231064	779.2436146	1492.366231	809.4076652
Suriname	onshore	NA	onshore total	oil	NA	NA	NA	1	14.29489271	57.84826962	130.5267838	63.22941897	18.69847726	78.46028815	191.8697775	88.52580682	0.870217247	3.819762958	9.987117243	4.421789429
Suriname	onshore	NA	onshore total	gas	NA	NA	NA	1	NA	NA	NA	NA	9.696372593	67.5097995	236.5921636	87.58923336	0.330582139	2.349116722	8.693366043	3.121899007
Suriname	offshore	NA	offshore total	oil	NA	NA	NA	1	2322.599462	11850.13168	27811.59836	12966.04695	4323.794588	22846.4477	58224.74154	25862.10716	240.6974418	1327.655485	3678.419972	1550.981705
Suriname	offshore	NA	offshore total	gas	NA	NA	NA	1	NA	NA	NA	NA	1538.481206	8505.040569	23714.91777	9964.761814	63.6326814	362.0282171	1075.420845	436.5840864
Suriname	NA	NA	total	oil	NA	NA	NA	1	2336.894355	11907.97995	27942.12515	13029.27637	4342.493066	22924.90799	58416.61132	25950.63297	241.567659	1331.475248	3688.40709	1555.403494
Suriname	NA	NA	total	gas	NA	NA	NA	1	NA	NA	NA	NA	1548.177578	8572.550369	23951.50994	10052.35105	63.96326354	364.3773339	1084.114211	439.7059854
Syria	onshore	NA	onshore total	oil	NA	NA	NA	1	408.8851382	1240.789387	2437.670974	1310.884161	447.9110281	1432.916068	3128.166686	1565.151493	17.90426639	60.45064632	142.4017111	67.73519732
Syria	onshore	NA	onshore total	gas	NA	NA	NA	1	NA	NA	NA	NA	1141.494757	3400.414312	6302.351748	3531.911491	84.33164084	252.8066385	479.522553	264.2715099
Syria	offshore	NA	offshore total	oil	NA	NA	NA	0	0	0	0	0	0	0	0	0	0	0	0	0
Syria	offshore	NA	offshore total	gas	NA	NA	NA	0	NA	NA	NA	NA	0	0	0	0	0	0	0	0
Syria	NA	NA	total	oil	NA	NA	NA	1	408.8851382	1240.789387	2437.670974	1310.884161	447.9110281	1432.916068	3128.166686	1565.151493	17.90426639	60.45064632	142.4017111	67.73519732
Syria	NA	NA	total	gas	NA	NA	NA	1	NA	NA	NA	NA	1141.494757	3400.414312	6302.351748	3531.911491	84.33164084	252.8066385	479.522553	264.2715099
Thailand	onshore	NA	onshore total	oil	NA	NA	NA	0	0	0	0	0	0	0	0	0	0	0	0	0
Thailand	onshore	NA	onshore total	gas	NA	NA	NA	0	NA	NA	NA	NA	0	0	0	0	0	0	0	0
Thailand	offshore	NA	offshore total	oil	NA	NA	NA	1	14.957755	82.99380598	212.8263575	95.24259049	54.30677257	250.4795461	663.9186768	291.527518	1.10830127	7.766166072	23.69933433	9.517670019
Thailand	offshore	NA	offshore total	gas	NA	NA	NA	1	NA	NA	NA	NA	498.6078647	4076.340686	9028.337624	4382.705653	7.185680478	48.17602895	123.570353	54.98418226
Thailand	NA	NA	total	oil	NA	NA	NA	1	14.957755	82.99380598	212.8263575	95.24259049	54.30677257	250.4795461	663.9186768	291.527518	1.10830127	7.766166072	23.69933433	9.517670019
Thailand	NA	NA	total	gas	NA	NA	NA	1	NA	NA	NA	NA	498.6078647	4076.340686	9028.337624	4382.705653	7.185680478	48.17602895	123.570353	54.98418226
The Gambia	onshore	NA	onshore total	oil	NA	NA	NA	0	0	0	0	0	0	0	0	0	0	0	0	0
The Gambia	onshore	NA	onshore total	gas	NA	NA	NA	0	NA	NA	NA	NA	0	0	0	0	0	0	0	0
The Gambia	offshore	NA	offshore total	oil	NA	NA	NA	1	0.619826279	4.786160919	17.18748192	6.287652476	1.306306354	10.19875657	38.70926439	13.81927731	0.074755176	0.594972928	2.377290531	0.828183545
The Gambia	offshore	NA	offshore total	gas	NA	NA	NA	1	NA	NA	NA	NA	3.313841084	16.57434167	51.05424741	20.41919694	0.138422534	0.709071764	2.330506104	0.899533262
The Gambia	NA	NA	total	oil	NA	NA	NA	1	0.619826279	4.786160919	17.18748192	6.287652476	1.306306354	10.19875657	38.70926439	13.81927731	0.074755176	0.594972928	2.377290531	0.828183545
The Gambia	NA	NA	total	gas	NA	NA	NA	1	NA	NA	NA	NA	3.313841084	16.57434167	51.05424741	20.41919694	0.138422534	0.709071764	2.330506104	0.899533262
Togo	onshore	NA	onshore total	oil	NA	NA	NA	0	0	0	0	0	0	0	0	0	0	0	0	0
Togo	onshore	NA	onshore total	gas	NA	NA	NA	0	NA	NA	NA	NA	0	0	0	0	0	0	0	0
Togo	offshore	NA	offshore total	oil	NA	NA	NA	1	6.749467428	27.01855287	63.50879468	30.13458627	27.54199022	115.3746025	295.3628325	132.614885	0.862633917	3.715524472	10.18004704	4.392167636
Togo	offshore	NA	offshore total	gas	NA	NA	NA	1	NA	NA	NA	NA	37.67108384	151.9130529	360.0110539	169.5115558	0.839340631	3.535011831	9.089057484	4.071177837
Togo	NA	NA	total	oil	NA	NA	NA	1	6.749467428	27.01855287	63.50879468	30.13458627	27.54199022	115.3746025	295.3628325	132.614885	0.862633917	3.715524472	10.18004704	4.392167636
Togo	NA	NA	total	gas	NA	NA	NA	1	NA	NA	NA	NA	37.67108384	151.9130529	360.0110539	169.5115558	0.839340631	3.535011831	9.089057484	4.071177837
Trinidad and Tobago	onshore	NA	onshore total	oil	NA	NA	NA	1	9.935143818	34.00376211	76.21309378	37.44552063	18.59415036	66.2642689	160.0326681	74.87175464	1.044694814	3.869570448	10.04523434	4.494769462
Trinidad and Tobago	onshore	NA	onshore total	gas	NA	NA	NA	1	NA	NA	NA	NA	363.4260814	990.9732275	1867.701668	1040.770316	14.68828264	42.42143827	88.47436594	45.772759
Trinidad and Tobago	offshore	NA	offshore total	oil	NA	NA	NA	1	89.41629437	345.3756298	2208.860507	720.8986481	167.3473533	679.6009442	4839.70219	1519.490709	9.402253329	39.47212008	298.5698367	91.29226003
Trinidad and Tobago	offshore	NA	offshore total	gas	NA	NA	NA	1	NA	NA	NA	NA	8434.612348	25501.61777	59325.72914	29155.31557	293.3980381	877.8926285	2220.62506	1036.551358
Trinidad and Tobago	NA	NA	total	oil	NA	NA	NA	1	99.35143818	379.3793919	2285.073601	758.3441687	185.9415036	745.8652131	4999.734858	1594.362464	10.44694814	43.34169053	308.615071	95.78702949
Trinidad and Tobago	NA	NA	total	gas	NA	NA	NA	1	NA	NA	NA	NA	8798.03843	26492.591	61193.43081	30196.08589	308.0863207	920.3140667	2309.099426	1082.324117
Tunisia	onshore	NA	onshore total	oil	NA	NA	NA	1	357.7847662	1503.563066	3690.902574	1698.302971	488.0944656	2101.867111	5579.719148	2445.803568	17.2327146	77.29449008	221.2062034	92.78454095
Tunisia	onshore	NA	onshore total	gas	NA	NA	NA	1	NA	NA	NA	NA	554.6043796	2168.204748	5194.752883	2435.196451	41.16822773	164.5256922	428.6601556	190.5735516
Tunisia	offshore	NA	offshore total	oil	NA	NA	NA	1	120.4772081	434.8192046	995.3120767	482.1858461	224.7914567	843.603801	2109.761724	964.8183579	5.452694664	21.22076541	56.50618107	24.79006826
Tunisia	offshore	NA	offshore total	gas	NA	NA	NA	1	NA	NA	NA	NA	295.3556603	1161.214733	2732.065261	1295.215204	3.641877736	14.20914233	35.22029993	16.15026656
Tunisia	NA	NA	total	oil	NA	NA	NA	1	478.2619744	1938.382271	4686.21465	2180.488817	712.8859223	2945.470912	7689.480872	3410.621926	22.68540927	98.51525549	277.7123845	117.5746092
Tunisia	NA	NA	total	gas	NA	NA	NA	1	NA	NA	NA	NA	849.96004	3329.419481	7926.818145	3730.411655	44.81010547	178.7348345	463.8804555	206.7238181
Turkey	onshore	NA	onshore total	oil	NA	NA	NA	1	237.3607528	706.9894148	1397.852593	749.1068963	220.217775	685.1993405	1494.033625	749.1645344	5.214372276	16.90861121	38.55462939	18.73190329
Turkey	onshore	NA	onshore total	gas	NA	NA	NA	1	NA	NA	NA	NA	0	0	0	0	0	0	0	0
Turkey	offshore	NA	offshore total	oil	NA	NA	NA	0	0	0	0	0	0	0	0	0	0	0	0	0
Turkey	offshore	NA	offshore total	gas	NA	NA	NA	0	NA	NA	NA	NA	0	0	0	0	0	0	0	0
Turkey	NA	NA	total	oil	NA	NA	NA	1	237.3607528	706.9894148	1397.852593	749.1068963	220.217775	685.1993405	1494.033625	749.1645344	5.214372276	16.90861121	38.55462939	18.73190329
Turkey	NA	NA	total	gas	NA	NA	NA	1	NA	NA	NA	NA	0	0	0	0	0	0	0	0
Turkmenistan	onshore	NA	onshore total	oil	NA	NA	NA	1	148.2293546	501.3106039	1034.442851	534.895637	630.4393457	2150.660065	4847.575959	2367.76707	35.11748659	125.6990001	305.4850698	142.0228161
Turkmenistan	onshore	NA	onshore total	gas	NA	NA	NA	1	NA	NA	NA	NA	39045.41073	129985.7077	275917.3006	140068.3997	896.7774507	3125.519923	7266.090272	3477.631933
Turkmenistan	offshore	NA	offshore total	oil	NA	NA	NA	1	1629.462177	5890.845634	12320.43184	6301.226513	5558.716572	21013.96096	47862.65481	23133.37778	311.5333441	1225.101899	3012.640475	1387.109459
Turkmenistan	offshore	NA	offshore total	gas	NA	NA	NA	1	NA	NA	NA	NA	10927.86465	39654.51188	81667.70182	42122.32974	436.2368499	1615.981329	3607.666894	1767.535478
Turkmenistan	NA	NA	total	oil	NA	NA	NA	1	1777.691531	6392.156238	13354.87469	6836.12215	6189.155918	23164.62102	52710.23077	25501.14485	346.6508307	1350.800899	3318.125545	1529.132275
Turkmenistan	NA	NA	total	gas	NA	NA	NA	1	NA	NA	NA	NA	49973.27538	169640.2196	357585.0025	182190.7294	1333.014301	4741.501252	10873.75717	5245.167412
Ukraine	onshore	NA	onshore total	oil	NA	NA	NA	1	150.155623	1207.015897	2743.549121	1301.871053	317.9174948	2464.09264	6102.759784	2750.268439	17.66334679	143.5763944	383.0626684	164.9305136
Ukraine	onshore	NA	onshore total	gas	NA	NA	NA	1	NA	NA	NA	NA	7164.431681	22211.69445	40545.68469	22930.88503	169.6410659	689.0949855	1470.175403	739.4681603
Ukraine	offshore	NA	offshore total	oil	NA	NA	NA	1	10.06243459	32.60342266	83.05986303	37.72506272	11.75310019	41.78878803	122.2145206	50.9963074	0.659558278	2.446795807	7.524805756	3.057965022
Ukraine	offshore	NA	offshore total	gas	NA	NA	NA	1	NA	NA	NA	NA	700.6676391	1722.604393	3160.812813	1804.152373	7.070336163	19.15487673	42.51060072	21.23031412
Ukraine	NA	NA	total	oil	NA	NA	NA	1	160.2180576	1239.619319	2826.608984	1339.596116	329.670595	2505.881428	6224.974305	2801.264746	18.32290506	146.0231902	390.5874741	167.9884787
Ukraine	NA	NA	total	gas	NA	NA	NA	1	NA	NA	NA	NA	7865.09932	23934.29885	43706.4975	24735.0374	176.7114021	708.2498623	1512.686004	760.6984744
United Arab Emirates	onshore	NA	onshore total	oil	NA	NA	NA	1	1130.322683	3946.674691	9114.166654	4388.569456	1858.913517	7313.403508	18992.69349	8474.338124	103.0330749	422.4454699	1173.526053	502.1339191
United Arab Emirates	onshore	NA	onshore total	gas	NA	NA	NA	1	NA	NA	NA	NA	5174.37276	18394.80127	40457.28088	20070.10153	260.8864059	968.8362475	2322.354898	1088.058639
United Arab Emirates	offshore	NA	offshore total	oil	NA	NA	NA	1	1027.028929	3059.693855	6411.22697	3306.427109	1210.844591	3981.393783	9251.740781	4450.849328	67.88972516	232.8213328	583.6304582	267.2985487
United Arab Emirates	offshore	NA	offshore total	gas	NA	NA	NA	1	NA	NA	NA	NA	3170.377	10638.90742	22813.15892	11528.59821	129.3378907	454.7102404	1064.068477	507.2506939
United Arab Emirates	NA	NA	total	oil	NA	NA	NA	1	2157.351612	7006.368546	15525.39362	7694.996565	3069.758108	11294.79729	28244.43428	12925.18745	170.9228	655.2668027	1757.156512	769.4324677
United Arab Emirates	NA	NA	total	gas	NA	NA	NA	1	NA	NA	NA	NA	8344.749761	29033.70869	63270.4398	31598.69974	390.2242966	1423.546488	3386.423376	1595.309333
United Kingdom	onshore	NA	onshore total	oil	NA	NA	NA	1	2.64961731	6.593285192	13.36281563	7.132907166	2.781164087	7.730792651	17.15221614	8.569274307	0.153662589	0.45204991	1.081646222	0.514085649
United Kingdom	onshore	NA	onshore total	gas	NA	NA	NA	1	NA	NA	NA	NA	8.58192467	21.25795068	38.7222685	22.4317125	0.354107681	0.931229158	1.824639132	0.985311253
United Kingdom	offshore	NA	offshore total	oil	NA	NA	NA	1	2042.802682	5780.486025	12348.02196	6321.8326	1667.378631	4995.811008	11740.38411	5635.218194	92.44917435	292.1431019	739.8379909	337.8635027
United Kingdom	offshore	NA	offshore total	gas	NA	NA	NA	1	NA	NA	NA	NA	4902.456641	16117.15951	35712.47422	17710.328	134.8902292	411.4110013	946.7847589	459.8687393
United Kingdom	NA	NA	total	oil	NA	NA	NA	1	2045.4523	5787.079311	12361.38478	6328.965508	1670.159795	5003.5418	11757.53633	5643.787468	92.60283694	292.5951518	740.9196372	338.3775884
United Kingdom	NA	NA	total	gas	NA	NA	NA	1	NA	NA	NA	NA	4911.038565	16138.41746	35751.19649	17732.75971	135.2443369	412.3422305	948.609398	460.8540506
Uruguay	onshore	NA	onshore total	oil	NA	NA	NA	0	0	0	0	0	0	0	0	0	0	0	0	0
Uruguay	onshore	NA	onshore total	gas	NA	NA	NA	0	NA	NA	NA	NA	0	0	0	0	0	0	0	0
Uruguay	offshore	NA	offshore total	oil	NA	NA	NA	0.9	0	127.3973387	359.1819745	146.8884055	0	271.0452219	830.2574261	323.3297655	0	15.68836341	51.35197768	19.3906354
Uruguay	offshore	NA	offshore total	gas	NA	NA	NA	0.9	NA	NA	NA	NA	0	711.0750932	1959.330084	816.9566138	0	30.27917183	90.54602367	35.97262474
Uruguay	NA	NA	total	oil	NA	NA	NA	0.9	0	127.3973387	359.1819745	146.8884055	0	271.0452219	830.2574261	323.3297655	0	15.68836341	51.35197768	19.3906354
Uruguay	NA	NA	total	gas	NA	NA	NA	0.9	NA	NA	NA	NA	0	711.0750932	1959.330084	816.9566138	0	30.27917183	90.54602367	35.97262474
Uzbekistan	onshore	NA	onshore total	oil	NA	NA	NA	1	40.87631858	119.769368	255.6410425	130.3641315	228.0787996	659.9490239	1497.299588	734.7681973	12.56546861	38.71940361	94.53876571	44.05898052
Uzbekistan	onshore	NA	onshore total	gas	NA	NA	NA	1	NA	NA	NA	NA	3314.394462	11218.08488	23719.2974	12025.15744	60.13101988	264.1269742	648.2843185	294.4540534
Uzbekistan	offshore	NA	offshore total	oil	NA	NA	NA	1	2.532331291	8.651377383	20.68336817	9.753198292	1.876470655	6.708565646	17.35869025	7.799110512	0.104874297	0.391054376	1.091053007	0.468366512
Uzbekistan	offshore	NA	offshore total	gas	NA	NA	NA	1	NA	NA	NA	NA	47.59875914	2050.776541	5597.481496	2269.891935	1.312450353	85.45086614	252.1098814	97.74764608
Uzbekistan	NA	NA	total	oil	NA	NA	NA	1	43.40864987	128.4207454	276.3244107	140.1173298	229.9552703	666.6575895	1514.658278	742.5673078	12.6703429	39.11045799	95.62981872	44.52734703
Uzbekistan	NA	NA	total	gas	NA	NA	NA	1	NA	NA	NA	NA	3361.993221	13268.86142	29316.7789	14295.04937	61.44347023	349.5778404	900.3941999	392.2016995
Venezuela	onshore	NA	onshore total	oil	NA	NA	NA	1	5162.217146	14594.23805	29396.22415	15607.7131	7541.787073	22945.08066	50972.03261	25284.862	419.5252668	1338.688127	3230.991891	1517.260567
Venezuela	onshore	NA	onshore total	gas	NA	NA	NA	1	NA	NA	NA	NA	9397.261683	32421.6178	68927.43421	34970.18675	386.4575099	1386.59334	3222.281293	1539.352251
Venezuela	offshore	NA	offshore total	oil	NA	NA	NA	1	10.48709625	3417.558229	10772.7269	4056.003076	19.62715872	6602.128556	22330.86033	8114.181405	1.102733415	379.5710045	1401.195278	486.0748846
Venezuela	offshore	NA	offshore total	gas	NA	NA	NA	1	NA	NA	NA	NA	3316.427507	28836.09059	78341.84413	32870.72231	54.87637661	868.0111495	2674.128566	1035.950432
Venezuela	NA	NA	total	oil	NA	NA	NA	1	5172.704242	18011.79628	40168.95104	19663.71618	7561.414232	29547.20922	73302.89295	33399.0434	420.6280002	1718.259131	4632.187168	2003.335452
Venezuela	NA	NA	total	gas	NA	NA	NA	1	NA	NA	NA	NA	12713.68919	61257.70838	147269.2783	67840.90906	441.3338865	2254.60449	5896.40986	2575.302683
Vietnam	onshore	NA	onshore total	oil	NA	NA	NA	0	0	0	0	0	0	0	0	0	0	0	0	0
Vietnam	onshore	NA	onshore total	gas	NA	NA	NA	0	NA	NA	NA	NA	0	0	0	0	0	0	0	0
Vietnam	offshore	NA	offshore total	oil	NA	NA	NA	1	12.26575814	39.98289552	89.09916589	44.13094684	54.72484435	186.5315085	453.4549518	211.6761154	0.715882452	2.540295816	6.653010274	2.959669065
Vietnam	offshore	NA	offshore total	gas	NA	NA	NA	1	NA	NA	NA	NA	170.3581497	527.1075358	1073.960003	565.086631	3.175924105	10.23501361	23.00467742	11.30713863
Vietnam	NA	NA	total	oil	NA	NA	NA	1	12.26575814	39.98289552	89.09916589	44.13094684	54.72484435	186.5315085	453.4549518	211.6761154	0.715882452	2.540295816	6.653010274	2.959669065
Vietnam	NA	NA	total	gas	NA	NA	NA	1	NA	NA	NA	NA	170.3581497	527.1075358	1073.960003	565.086631	3.175924105	10.23501361	23.00467742	11.30713863
Western Sahara	onshore	NA	onshore total	oil	NA	NA	NA	0	0	0	0	0	0	0	0	0	0	0	0	0
Western Sahara	onshore	NA	onshore total	gas	NA	NA	NA	0	NA	NA	NA	NA	0	0	0	0	0	0	0	0
Western Sahara	offshore	NA	offshore total	oil	NA	NA	NA	1	1.394609128	10.76886207	38.67183433	14.14721807	2.939189296	22.94720229	87.09584489	31.09337395	0.168199146	1.338689088	5.348903695	1.863412977
Western Sahara	offshore	NA	offshore total	gas	NA	NA	NA	1	NA	NA	NA	NA	7.456142438	37.29226875	114.8720567	45.94319312	0.311450702	1.595411469	5.243638734	2.023949839
Western Sahara	NA	NA	total	oil	NA	NA	NA	1	1.394609128	10.76886207	38.67183433	14.14721807	2.939189296	22.94720229	87.09584489	31.09337395	0.168199146	1.338689088	5.348903695	1.863412977
Western Sahara	NA	NA	total	gas	NA	NA	NA	1	NA	NA	NA	NA	7.456142438	37.29226875	114.8720567	45.94319312	0.311450702	1.595411469	5.243638734	2.023949839
Yemen	onshore	NA	onshore total	oil	NA	NA	NA	1	1102.184017	3103.362324	5894.648483	3254.072503	4016.197097	11577.45762	23944.21082	12473.36618	223.8432432	674.7446857	1528.425213	748.6091083
Yemen	onshore	NA	onshore total	gas	NA	NA	NA	1	NA	NA	NA	NA	3353.83319	8561.477808	15696.60764	8925.176327	159.4432515	457.2023513	960.874785	494.5616099
Yemen	offshore	NA	offshore total	oil	NA	NA	NA	1	10.28194922	52.27561505	106.5681436	52.50344217	38.15728213	152.0468709	329.099191	159.9648393	2.124462776	7.463144565	16.85889873	8.099325567
Yemen	offshore	NA	offshore total	gas	NA	NA	NA	1	NA	NA	NA	NA	26.55846437	357.1572074	750.81209	342.3925285	1.062785181	14.25537795	31.23419256	13.93117664
Yemen	NA	NA	total	oil	NA	NA	NA	1	1112.465967	3155.637939	6001.216626	3306.575946	4054.354379	11729.50449	24273.31001	12633.33102	225.967706	682.2078302	1545.284112	756.7084338
Yemen	NA	NA	total	gas	NA	NA	NA	1	NA	NA	NA	NA	3380.391654	8918.635016	16447.41973	9267.568856	160.5060367	471.4577293	992.1089776	508.4927865
