Country	Field Type	Country Probability	Oil F95 (MMBO)	Oil F50 (MMBO)	Oil F5 (MMBO)	Oil Mean (MMBO)	Gas F95 (BCFG)	Gas F50 (BCFG)	Gas F5 (BCFG)	Gas Mean (BCFG)	NGL F95 (MMBNGL)	NGL F50 (MMBNGL)	NGL F5 (MMBNGL)	NGL Mean (MMBNGL)
Afghanistan	oil	1	31.20721051	82.57241762	160.7482394	87.57145988	57.39522864	160.0316211	342.5958055	174.7546354	3.154295995	9.393332217	21.49026227	10.47262643
Afghanistan	gas	1	NA	NA	NA	NA	4482.757381	13496.80147	27835.90903	14477.95001	92.95990154	303.6704222	694.8946233	336.7994924
Algeria	oil	1	1765.165665	6918.747706	16386.39365	7732.245605	3882.125377	16315.61385	42737.95609	18951.79108	106.9729789	458.0005922	1306.145222	550.5042297
Algeria	gas	1	NA	NA	NA	NA	8559.150239	27118.50717	61438.2165	30030.70476	397.5617046	1376.704844	3483.254374	1584.517865
Angola	oil	1	4522.70242	13675.65991	27275.82505	14516.01524	9292.913529	29072.90451	63017.41728	31645.66426	434.8102763	1412.146833	3301.210895	1581.587926
Angola	gas	1	NA	NA	NA	NA	2260.581737	9666.948312	24793.70212	11093.03032	92.80995027	412.4247689	1145.421353	488.5135144
Argentina	oil	1	867.4886213	2964.675184	6384.369432	3217.53848	2388.687285	8861.238515	21313.50232	9983.902978	52.81994674	238.8651688	662.1513595	283.0711789
Argentina	gas	1	NA	NA	NA	NA	7388.758	24803.21015	52327.98453	26711.22178	150.9509864	526.531548	1211.456212	584.1586538
Australia	oil	1	1559.764828	4589.075108	9729.534841	4974.662567	4083.241666	12278.26771	27476.00969	13537.53603	208.3933447	655.1163075	1587.283935	744.2636615
Australia	gas	1	NA	NA	NA	NA	28107.01787	90719.41634	181344.2146	95880.67983	1482.736054	4755.411469	9845.34806	5088.90343
Australia/Indonesia Zone of Cooperation	oil	1	16.87293758	51.70391002	116.51634	57.30914738	34.29286508	110.6307461	272.797216	126.3377651	1.924816174	6.474159479	17.0012884	7.583930548
Australia/Indonesia Zone of Cooperation	gas	1	NA	NA	NA	NA	1187.461131	3921.005405	9250.043996	4409.624602	48.47750184	168.1625005	429.0155832	194.2660021
Austria	oil	1	0	0	0	0	0	0	0	0	0	0	0	0
Austria	gas	1	NA	NA	NA	NA	25.55970325	63.86719536	132.6075529	69.61610403	0.185924519	0.497958248	1.132605591	0.557178143
Azerbaijan	oil	1	1709.035575	5853.935691	12392.48691	6305.647099	4185.672665	15405.70125	35586.082	17071.44683	235.6327463	899.0470573	2233.286706	1023.10677
Azerbaijan	gas	1	NA	NA	NA	NA	13405.76379	47500.18459	97159.53698	50377.68026	489.3115807	1762.623551	3877.743797	1919.4504
Bahrain	oil	1	294.3187574	851.1929094	1660.028909	898.9938966	287.1318725	856.6189671	1813.749428	929.0735639	7.683006637	23.57661954	52.31175991	25.92569723
Bahrain	gas	1	NA	NA	NA	NA	6353.883447	14887.12409	27188.90534	15587.00933	253.556505	636.8161848	1283.022197	685.4861405
Bangladesh	oil	1	11.420738	32.88558227	75.35257265	36.69994315	22.60262232	70.35409541	174.4864716	80.71488579	1.252305615	4.107235558	10.89764417	4.836257196
Bangladesh	gas	1	NA	NA	NA	NA	8776.777748	30621.12166	67221.66895	33500.13751	33.04042052	126.2195595	342.0922578	148.3751321
Barbados	oil	0.5	0	118.0253125	4568.827989	1151.666887	0	249.6675723	10198.22453	2536.934753	0	13.93795813	624.4881828	152.5180046
Barbados	gas	0.5	NA	NA	NA	NA	0	679.158432	24958.4826	6430.587961	0	29.03872278	1126.386349	283.7337418
Benin	oil	1	15.74875733	63.04329003	148.1871876	70.31403464	64.26464385	269.2074058	689.1799424	309.4347317	2.012812472	8.669557102	23.75344309	10.24839115
Benin	gas	1	NA	NA	NA	NA	87.89919562	354.46379	840.0257925	395.5269635	1.958461473	8.248360939	21.2078008	9.499414952
Bolivia	oil	1	216.0412345	1039.690431	2769.242863	1203.030221	536.4346308	2635.3725	7586.362218	3149.858674	30.07443579	152.9131085	473.2636474	188.9131712
Bolivia	gas	1	NA	NA	NA	NA	9116.232107	21052.52214	37392.86557	21863.12454	313.3331268	773.2488845	1527.458226	827.5487504
Brazil	oil	1	8060.064445	42233.87565	100847.7586	46746.39444	11896.96368	63076.48398	161408.2671	71763.64854	576.7628216	3295.677604	9038.849204	3851.158997
Brazil	gas	1	NA	NA	NA	NA	22159.92386	108708.9039	268590.6769	122644.1382	658.7443419	3644.723166	10039.07942	4276.102009
Brunei	oil	1	565.1752966	1691.342081	3388.06965	1801.776389	1463.517617	4602.690131	10130.56567	5048.022544	80.97497773	268.5766466	642.8849808	302.851055
Brunei	gas	1	NA	NA	NA	NA	2019.426496	6704.722036	14943.98896	7363.84618	81.71168781	286.1744497	693.2958214	323.887202
Bulgaria	oil	1	3.370401764	7.992535192	15.49186642	8.542654135	3.676121621	9.336172919	19.9406072	10.2544719	0.100703344	0.273011041	0.631911795	0.307523436
Bulgaria	gas	1	NA	NA	NA	NA	5.131983645	16.1331	36.29825769	17.8074694	0.190886382	0.625127437	1.540234724	0.713043308
Cambodia	oil	1	27.96138225	106.1767042	278.512673	123.6218484	124.6673999	495.2694304	1392.602715	594.0689167	1.632584625	6.770937799	20.30052425	8.329570741
Cambodia	gas	1	NA	NA	NA	NA	352.6997245	1060.262718	2358.597251	1167.71115	6.52832525	20.52141375	49.65404075	23.31673131
Cameroon	oil	1	700.8064821	1493.366916	2493.512626	1533.421019	1119.286544	2533.023722	4854.970595	2696.115667	36.21121735	87.7556869	181.4213643	95.43011861
Cameroon	gas	1	NA	NA	NA	NA	1376.623519	2796.056665	4684.391156	2884.994105	81.19730505	162.0502278	272.0567768	167.4515576
Canada	oil	1	827.714797	2550.772386	5435.427446	2774.151308	1877.118703	7072.745932	19363.61858	8350.412054	105.4163754	413.4530998	1211.803652	502.4940699
Canada	gas	1	NA	NA	NA	NA	6660.230738	15260.82571	28485.08679	16168.5798	157.5571637	395.1621453	818.9669129	429.9624846
Chile	oil	1	97.84764705	311.418203	661.6739516	337.4880823	289.1961478	916.15729	2042.421938	1008.550128	2.149681284	7.112580899	17.21794372	8.067475751
Chile	gas	1	NA	NA	NA	NA	1771.503631	5192.281705	9701.056463	5396.550359	42.19098689	126.9876697	254.206334	134.8988562
China	oil	1	3324.049191	10981.53683	24571.39693	12115.23136	4255.384596	18059.57827	47269.31823	20908.56316	279.8649667	1251.243466	3536.009951	1495.91088
China	gas	1	NA	NA	NA	NA	16595.42356	58652.68915	133801.8498	64877.81328	686.3334829	2593.65169	6505.93134	2964.921591
Colombia	oil	1	1286.161221	4556.068804	10846.09864	5119.613501	1095.375606	4328.732551	12137.58272	5174.88692	59.20365711	246.4962614	738.1664108	302.9006961
Colombia	gas	1	NA	NA	NA	NA	1102.936949	4225.070442	11187.10888	4925.751043	36.58456229	154.5926414	454.95297	188.2479576
Congo (Brazzaville)	oil	1	1873.76806	5520.653359	10626.35654	5799.604075	3888.924401	12029.79568	25693.45628	13033.07711	181.9440052	584.3163293	1346.980534	651.3742935
Congo (Brazzaville)	gas	1	NA	NA	NA	NA	925.3761589	3883.119647	9422.421783	4362.35177	37.97548053	165.5795914	436.9838375	192.1253061
Congo (Kinshasa)	oil	1	109.2993263	311.2672168	586.9878317	325.5189248	226.6863231	678.2846954	1422.700346	731.8597989	10.55581401	32.93170892	74.82247065	36.56358351
Congo (Kinshasa)	gas	1	NA	NA	NA	NA	58.16480104	225.4560335	526.7954159	250.2287942	2.383417528	9.607561908	24.47636809	11.01300587
Côte d'Ivoire	oil	1	134.9893486	540.3710574	1270.175894	602.6917254	550.8398044	2307.49205	5907.25665	2652.2977	17.25267833	74.31048945	203.6009408	87.84335272
Côte d'Ivoire	gas	1	NA	NA	NA	NA	753.4216767	3038.261057	7200.221079	3390.231116	16.78681263	70.70023662	181.7811497	81.42355674
Croatia	oil	1	40.61176764	81.28952702	145.2417443	85.67167773	34.01226681	80.85930761	180.4475964	90.43979473	1.236917428	3.160998481	7.597385654	3.625807611
Croatia	gas	1	NA	NA	NA	NA	715.1462424	1530.164216	2841.791628	1627.160958	10.03894691	23.69772139	50.46286703	26.10682265
Cuba	oil	1	142.2192164	464.2477279	941.0335639	493.6387419	159.4661855	540.3208989	1200.268029	591.5564964	8.872008873	31.53310769	75.66110004	35.46593676
Cuba	gas	1	NA	NA	NA	NA	0	0	0	0	0	0	0	0
Czech Republic	oil	1	2.825499641	8.452306739	18.00880885	9.22088085	7.356399426	23.04271812	53.26426232	25.78742122	0.408134597	1.342665471	3.363365302	1.545157243
Czech Republic	gas	1	NA	NA	NA	NA	169.8127897	467.7414684	976.1025239	508.6914366	1.516440207	4.55552693	10.50411374	5.098675586
Denmark	oil	1	34.52776622	87.81492225	176.6628869	94.79157573	25.18438072	68.48101891	151.1063434	75.81268718	1.388472158	4.016723461	9.557013184	4.545218497
Denmark	gas	1	NA	NA	NA	NA	226.139127	641.8621751	1366.635394	700.7398701	10.3841574	31.12817936	72.41414267	35.02419355
Ecuador	oil	1	300.6899225	876.8998414	1929.852316	970.2845605	84.66182129	279.5256455	762.6986857	339.8756367	2.531015124	9.742950774	31.62231288	12.83296178
Ecuador	gas	1	NA	NA	NA	NA	26.60431978	117.0073718	619.9315385	211.8931646	1.089440528	5.00063599	28.11726639	9.333508326
Egypt	oil	1	980.3695199	2918.398005	5955.968022	3118.840267	1204.402039	4585.310784	11608.58184	5246.94038	64.66795266	263.2209647	690.3359774	305.3344516
Egypt	gas	1	NA	NA	NA	NA	3452.970033	13998.5626	31083.39443	15188.45876	186.3570639	722.1899058	1584.904243	782.2681829
Equatorial Guinea	oil	1	934.2543652	2269.024314	4041.177869	2352.135292	1485.84165	3788.81737	7634.799729	4067.964438	50.09819613	137.5781118	301.027948	151.5455254
Equatorial Guinea	gas	1	NA	NA	NA	NA	1512.967547	3336.099806	5865.99454	3470.005805	88.58108211	190.4175395	334.5248915	198.2566709
Eritrea	oil	1	164.1746999	551.8676812	1009.63659	559.0107526	364.7948219	1234.874172	2449.515258	1286.223459	21.62248252	69.30379136	136.2471747	72.45410529
Eritrea	gas	1	NA	NA	NA	NA	2712.633423	9477.45281	17463.67084	9641.337541	156.3804123	540.9300224	1043.043509	560.2556426
Falkland Islands (Islas Malvinas)	oil	0.9	0	3947.516041	17273.68649	5832.762504	0	4661.744397	26253.61339	8068.91685	0	98.54852995	621.7177694	183.7994373
Falkland Islands (Islas Malvinas)	gas	0.9	NA	NA	NA	NA	0	5802.366273	25011.3933	8512.120718	0	118.5986837	578.3263217	186.5162745
France	oil	0.6	0	173.028734	1119.079235	310.6349813	0	363.1802647	2519.099136	685.0213549	0	20.86193785	154.0634991	41.14102098
France	gas	0.6	NA	NA	NA	NA	0	16482.96927	59412.2293	20141.62151	0	685.8803877	2723.496727	885.4047839
French Guiana	oil	1	2.722836706	11.01871802	24.86224453	12.04369885	3.561614716	14.94481679	36.54662428	16.86205844	0.165755666	0.727573897	1.902308046	0.842245605
French Guiana	gas	1	NA	NA	NA	NA	1.846928113	12.85900943	45.06517402	16.6836635	0.062968026	0.447450804	1.655879246	0.59464743
Gabon	oil	1	2298.124906	7576.539037	16069.95511	8184.166352	3973.971445	13413.23281	30742.89223	14860.23204	185.5606394	652.0732391	1607.587311	743.3804411
Gabon	gas	1	NA	NA	NA	NA	1779.979964	8259.865703	21157.64818	9447.002806	73.77197724	353.29563	975.0020262	416.1826682
Germany	oil	1	53.04122032	143.2887234	299.3644457	155.9068734	39.8913786	114.3016657	261.2672303	127.821876	1.439045213	4.217322785	10.12272953	4.785972981
Germany	gas	1	NA	NA	NA	NA	4812.873984	12261.43575	22714.5871	12865.35763	20.24985415	59.37961077	137.2051387	66.65240967
Ghana	oil	1	44.99644952	180.1236858	423.3919646	200.8972418	183.6132681	769.1640167	1969.08555	884.0992333	5.750892777	24.77016315	67.86698025	29.28111757
Ghana	gas	1	NA	NA	NA	NA	251.1405589	1012.753686	2400.073693	1130.077039	5.59560421	23.56674554	60.59371656	27.14118558
Greenland	oil	0.7	0	49683.71194	111814.9417	47147.76135	0	46606.73553	118596.9413	47147.98308	0	2642.282551	7499.341833	2826.542949
Greenland	gas	0.7	NA	NA	NA	NA	0	34430.205	81179.02944	33560.8148	0	1297.394136	3458.103847	1343.243311
Grenada	oil	1	0	0	0	0	0	0	0	0	0	0	0	0
Grenada	gas	1	NA	NA	NA	NA	169.9463112	716.304478	1724.433695	804.127806	1.591185329	6.911747445	18.23888787	8.032335836
Guinea-Bissau	oil	1	3.718957675	28.71696551	103.1248915	37.72591485	7.837838122	61.19253943	232.2555864	82.91566386	0.448531056	3.569837568	14.26374319	4.969101272
Guinea-Bissau	gas	1	NA	NA	NA	NA	19.8830465	99.44605	306.3254844	122.5151817	0.830535204	4.254430584	13.98303662	5.39719957
Guyana	oil	1	453.7450505	2017.705237	4614.590077	2205.551053	838.4199829	3866.074199	9599.750712	4367.842355	46.53778037	224.2197628	606.0332589	261.2190701
Guyana	gas	1	NA	NA	NA	NA	300.739573	1410.570524	3859.140866	1654.000928	12.38287752	59.65572621	173.3108219	71.8539841
Hungary	oil	1	56.82094538	136.2673819	268.0537682	146.2137265	50.19368122	141.0188734	335.7817545	160.1276605	1.760985826	5.118852724	12.93951959	5.941324285
Hungary	gas	1	NA	NA	NA	NA	950.3248297	2240.85703	4086.086524	2348.18063	24.09720816	65.83070445	140.9854072	72.06323712
India	oil	1	826.4757436	2428.107399	4696.570588	2555.630113	1789.13117	5515.021582	11904.15993	6012.947571	58.54632033	191.9331579	470.0328376	218.7583253
India	gas	1	NA	NA	NA	NA	6455.665903	22219.98578	48627.79585	24266.30404	107.1531008	360.2330762	844.5596918	402.7663515
Indonesia	oil	1	2288.244595	6955.154461	14156.9229	7434.929756	4586.195937	15445.43585	35289.09105	17130.76608	244.3938007	869.3655037	2161.260608	994.4967927
Indonesia	gas	1	NA	NA	NA	NA	29526.85632	84989.08619	170009.2643	90578.75897	511.7924351	1611.173882	3631.235944	1782.316245
Iran	oil	1	16288.36921	49835.78274	100543.6561	53114.37368	22482.60363	74329.68815	166930.444	81939.74848	942.4333304	3323.813479	8136.951123	3774.063117
Iran	gas	1	NA	NA	NA	NA	76754.97078	219129.1662	432801.2242	232627.6052	3087.446205	9312.702878	20159.28793	10180.87792
Iraq	oil	1	14152.73308	42653.43439	83926.69163	45098.75332	14784.91868	46868.20517	102013.566	51165.59793	506.4538202	1694.232971	3947.799899	1891.044225
Iraq	gas	1	NA	NA	NA	NA	21960.58457	65793.37896	124951.1943	68840.42855	1348.984718	4099.116803	8071.434995	4334.23259
Italy	oil	1	41.45444713	302.8960899	937.8037593	371.1439606	86.18552507	644.2061093	2124.028317	813.8930134	4.80051924	36.87400949	130.6651383	48.16456024
Italy	gas	1	NA	NA	NA	NA	6204.961244	23501.1298	59703.91465	26458.0112	15.44560765	402.9817581	1537.138655	515.5216318
Joint Thailand/Malaysia	oil	1	25.76034992	83.11358773	182.740284	91.3267239	114.9043335	387.6887088	931.1765375	438.078304	1.502503647	5.279639569	13.67266279	6.12541728
Joint Thailand/Malaysia	gas	1	NA	NA	NA	NA	492.332231	1538.753383	3157.174088	1652.460844	9.175257187	29.87800604	67.56812527	33.06252221
Jordan	oil	1	0	0	0	0	0	0	0	0	0	0	0	0
Jordan	gas	1	NA	NA	NA	NA	795.5121018	2345.104582	4267.502089	2422.488542	62.62369142	186.2214018	347.5810677	193.7102311
Kazakhstan	oil	1	6212.01253	19108.87325	42906.13772	21094.00712	10751.08916	34185.35967	81465.79084	38609.4081	590.1396847	1987.366824	5069.087878	2292.814686
Kazakhstan	gas	1	NA	NA	NA	NA	8922.546476	30465.93667	70529.7169	33646.00863	298.0933923	1114.93077	2932.702078	1292.90634
Kuwait	oil	1	1215.402304	3626.666115	7156.861388	3839.855423	1142.689941	3561.431315	7730.974965	3887.341743	28.40080862	92.41202851	209.4909611	102.15164
Kuwait	gas	1	NA	NA	NA	NA	719.597737	1922.532786	3680.288001	2027.595152	29.12306375	82.04370413	173.5589397	89.16107922
Libya	oil	1	2922.776846	7417.94312	15348.3243	8270.587419	2300.134425	6846.273598	22182.55009	9531.973438	117.4128643	332.221453	1151.017981	484.9901458
Libya	gas	1	NA	NA	NA	NA	3410.302192	8592.601259	24991.49513	11576.70763	118.2948177	328.5154621	963.0397068	433.7484833
Malaysia	oil	1	890.6455272	2811.139572	5926.966246	3041.827849	2723.280859	8989.06687	20834.1069	10027.3565	101.7915809	349.7981384	866.8593331	399.1416294
Malaysia	gas	1	NA	NA	NA	NA	12622.95578	37355.2962	76363.33682	40146.69254	263.8106308	837.7146526	1909.234219	930.357435
Malta	oil	1	8.626700043	32.70184793	75.66636207	36.27109875	16.17684341	63.28692791	160.7430819	72.58798965	0.234614541	0.937940838	2.463420868	1.088859621
Malta	gas	1	NA	NA	NA	NA	26.41987794	118.066842	286.304904	132.5857378	0.250404608	1.143450115	3.017969753	1.324527127
Mauritania	oil	1	4.803653664	37.09274712	133.2029849	48.72930669	10.12387424	79.04036343	299.9967991	107.0993992	0.579352614	4.611040192	18.42400162	6.418422476
Mauritania	gas	1	NA	NA	NA	NA	25.6822684	128.4511479	395.6704174	158.2487763	1.072774639	5.495306171	18.0614223	6.971382777
Mexico	oil	1	5974.661958	18602.7655	40240.2924	20568.59472	9877.242294	31856.58805	75964.43199	36427.4943	550.4325752	1855.03623	4793.619411	2186.374915
Mexico	gas	1	NA	NA	NA	NA	2029.606689	10906.49807	30009.75873	12844.18021	83.902468	465.7186799	1375.35705	564.4629845
Morocco	oil	0.4	0	0	15.93456601	3.792153596	0	0	61.46583535	14.19992396	0	0	3.751713315	0.853827213
Morocco	gas	0.4	NA	NA	NA	NA	0	0	377.1011123	91.56873922	0	0	18.58550829	4.400071531
Myanmar	oil	1	104.4580715	629.0557138	1701.299012	730.4624482	359.8253161	2247.020996	6681.16058	2710.350992	20.45095502	130.5519698	414.8624731	162.6782684
Myanmar	gas	1	NA	NA	NA	NA	5673.265852	21872.1863	51625.94747	24433.97723	135.8291774	562.8159383	1461.809948	651.015193
Namibia	oil	1	16.68442401	66.84384139	239.8176067	89.22658838	32.87806614	136.3952736	512.550428	186.8561719	1.818685471	7.933670859	31.20448771	11.11697805
Namibia	gas	1	NA	NA	NA	NA	252.4672078	1136.130855	3180.703336	1346.728178	10.35808632	48.47462933	145.543036	59.24361646
Netherlands	oil	1	112.8210926	294.6809488	601.5676639	319.0290225	81.46659256	225.181613	501.6964186	249.9183015	4.246179286	12.40637655	29.67693629	14.0609752
Netherlands	gas	1	NA	NA	NA	NA	2409.959481	7619.630547	16429.74763	8304.050103	40.84212137	124.8956571	293.0629213	140.803952
Nigeria	oil	1	16102.6755	37129.88672	60684.34086	37615.67113	26499.51293	65350.19809	124973.863	69062.86128	833.7273997	2135.427525	4310.627387	2293.585251
Nigeria	gas	1	NA	NA	NA	NA	26324.23568	53396.70395	84103.17862	54145.7271	1583.895349	3223.835361	5149.523655	3278.357783
Norway	oil	1	3424.086065	11642.03456	26329.27585	12881.38851	5622.275679	22380.92196	57142.17396	25762.93849	387.8472595	1644.233146	4531.228985	1942.231539
Norway	gas	1	NA	NA	NA	NA	13619.72794	134096.3539	373945.7752	157272.6321	763.7123001	6581.126056	19392.83677	7910.673229
Oman	oil	1	837.6347931	3067.642752	7346.215615	3451.183532	1675.561078	6235.754283	15742.49148	7154.252355	93.54342645	352.8956339	920.8290215	410.1013298
Oman	gas	1	NA	NA	NA	NA	7323.487225	24539.40663	52480.97895	26592.19122	344.3278555	1217.556571	2811.124502	1351.218767
Pakistan	oil	1	90.14266447	239.5818778	484.1657746	257.675484	182.9115495	512.5171592	1128.360704	566.0458973	10.13742207	29.96224308	71.60349584	33.98038677
Pakistan	gas	1	NA	NA	NA	NA	7257.892496	24110.2049	61283.39215	28039.579	239.6772961	823.7819939	2229.240446	981.6782754
Paraguay	oil	1	53.02770282	645.0631062	2689.543872	902.4543641	130.40766	1604.06028	7197.830996	2342.636014	7.343377336	91.96339426	447.099617	140.4811069
Paraguay	gas	1	NA	NA	NA	NA	151.1368967	1576.486972	6230.007107	2163.759799	5.377020256	56.16113602	238.4293632	80.02777211
Peru	oil	1	1001.530931	3044.961719	6420.037796	3315.759801	839.1921522	2879.406347	6815.015567	3268.137033	42.72357405	154.7995605	396.9369663	180.9632137
Peru	gas	1	NA	NA	NA	NA	566.4134681	2260.53011	7397.952316	3069.032317	23.18556143	96.35279833	340.1755897	135.0029494
Poland	oil	1	65.11892521	189.3583387	398.8655188	206.1684919	174.8178836	536.6692412	1229.583081	599.3324574	9.693861782	31.27532375	77.69969641	35.90406344
Poland	gas	1	NA	NA	NA	NA	745.8470699	2041.451739	4272.479837	2222.379868	7.209282224	22.0619008	51.38776468	24.76324236
Qatar	oil	1	1309.988188	3460.774517	6439.123654	3616.902215	1734.728457	4798.820254	9492.206389	5110.833187	73.01024096	216.9135364	477.5775636	238.3792355
Qatar	gas	1	NA	NA	NA	NA	14037.212	34239.74674	63817.58921	35989.01429	561.3442508	1464.565379	3006.514224	1582.782165
Romania	oil	1	381.9851196	986.6763577	2035.676688	1072.978895	368.3022484	1041.491749	2377.760491	1165.840225	10.41535358	31.10489365	76.6020231	35.69146743
Romania	gas	1	NA	NA	NA	NA	1036.388836	3812.83532	8914.670616	4250.510471	22.29058864	80.68516228	200.7099316	92.10823794
Russia	oil	1	25033.60787	71645.58021	148059.7771	77381.78372	47993.97402	157983.4008	368598.09	176666.3081	2673.488785	9216.830066	23194.23438	10594.5355
Russia	gas	1	NA	NA	NA	NA	262336.3087	906871.6737	1998086.375	992068.8013	6754.634344	24340.06631	58244.50421	27365.71741
Saudi Arabia	oil	1	29392.7792	82244.36877	160905.7638	87092.90889	34115.91628	110218.1606	252760.6252	122607.9816	1652.846313	5741.730598	14527.73799	6606.786701
Saudi Arabia	gas	1	NA	NA	NA	NA	178047.4074	530771.0391	1027443.315	558388.1774	12842.44159	39325.61308	81727.3622	42264.84771
Senegal	oil	1	4.958610234	38.28928735	137.4998554	50.30121981	10.45045083	81.59005258	309.6741152	110.5542185	0.598041408	4.759783424	19.01832425	6.625468362
Senegal	gas	1	NA	NA	NA	NA	26.51072867	132.5947333	408.4339793	163.3535755	1.107380272	5.672574112	18.64404883	7.196266093
Serbia and Montenegro	oil	1	22.55048529	46.98826914	81.61798572	49.05049273	19.24603389	46.65052692	102.5099223	51.88805269	0.701121073	1.823464408	4.316530134	2.077298045
Serbia and Montenegro	gas	1	NA	NA	NA	NA	92.46215408	211.1173188	368.3532116	218.7612815	2.307058263	6.055643699	12.49218845	6.559423978
Slovakia	oil	1	1.80072826	8.497410576	22.26276907	9.793928042	2.015651183	9.856231957	27.90416999	11.7400445	0.056721575	0.286910878	0.875152373	0.352261219
Slovakia	gas	1	NA	NA	NA	NA	64.13060648	219.2140865	512.6460733	244.7357463	1.419506249	5.217986422	13.35530801	6.013002405
Slovenia	oil	1	0	0	0	0	0	0	0	0	0	0	0	0
Slovenia	gas	1	NA	NA	NA	NA	4.996994464	9.700536529	17.59009403	10.3016597	0.119956461	0.280732822	0.593313525	0.308726555
South Africa	oil	1	6.789274808	26.04260978	93.61595775	34.85389614	13.74649904	55.92680442	210.2126102	76.69448958	0.763058288	3.277284186	12.8890869	4.595197138
South Africa	gas	1	NA	NA	NA	NA	377.6990068	1697.109611	4733.451407	2008.576922	15.49537771	72.40641756	216.6381753	88.35885203
Spain	oil	0.6	0	43.2571835	279.7698087	77.65874533	0	90.79506617	629.7747841	171.2553387	0	5.215484462	38.51587478	10.28525525
Spain	gas	0.6	NA	NA	NA	NA	0	14422.59811	51985.70063	17623.91882	0	600.1453392	2383.059637	774.7291859
Sudan	oil	1	245.8972171	759.3043443	1354.044183	771.158464	546.3815778	1722.188562	3332.879954	1794.07589	32.38567382	100.0699766	193.7682884	104.5479171
Sudan	gas	1	NA	NA	NA	NA	4062.922061	13408.6984	24438.42125	13697.04685	234.2231064	779.2436146	1492.366231	809.4076652
Suriname	oil	1	2336.894355	11907.97995	27942.12515	13029.27637	4342.493066	22924.90799	58416.61132	25950.63297	241.567659	1331.475248	3688.40709	1555.403494
Suriname	gas	1	NA	NA	NA	NA	1548.177578	8572.550369	23951.50994	10052.35105	63.96326354	364.3773339	1084.114211	439.7059854
Syria	oil	1	408.8851382	1240.789387	2437.670974	1310.884161	447.9110281	1432.916068	3128.166686	1565.151493	17.90426639	60.45064632	142.4017111	67.73519732
Syria	gas	1	NA	NA	NA	NA	1141.494757	3400.414312	6302.351748	3531.911491	84.33164084	252.8066385	479.522553	264.2715099
Thailand	oil	1	14.957755	82.99380598	212.8263575	95.24259049	54.30677257	250.4795461	663.9186768	291.527518	1.10830127	7.766166072	23.69933433	9.517670019
Thailand	gas	1	NA	NA	NA	NA	498.6078647	4076.340686	9028.337624	4382.705653	7.185680478	48.17602895	123.570353	54.98418226
The Gambia	oil	1	0.619826279	4.786160919	17.18748192	6.287652476	1.306306354	10.19875657	38.70926439	13.81927731	0.074755176	0.594972928	2.377290531	0.828183545
The Gambia	gas	1	NA	NA	NA	NA	3.313841084	16.57434167	51.05424741	20.41919694	0.138422534	0.709071764	2.330506104	0.899533262
Togo	oil	1	6.749467428	27.01855287	63.50879468	30.13458627	27.54199022	115.3746025	295.3628325	132.614885	0.862633917	3.715524472	10.18004704	4.392167636
Togo	gas	1	NA	NA	NA	NA	37.67108384	151.9130529	360.0110539	169.5115558	0.839340631	3.535011831	9.089057484	4.071177837
Trinidad and Tobago	oil	1	99.35143818	379.3793919	2285.073601	758.3441687	185.9415036	745.8652131	4999.734858	1594.362464	10.44694814	43.34169053	308.615071	95.78702949
Trinidad and Tobago	gas	1	NA	NA	NA	NA	8798.03843	26492.591	61193.43081	30196.08589	308.0863207	920.3140667	2309.099426	1082.324117
Tunisia	oil	1	478.2619744	1938.382271	4686.21465	2180.488817	712.8859223	2945.470912	7689.480872	3410.621926	22.68540927	98.51525549	277.7123845	117.5746092
Tunisia	gas	1	NA	NA	NA	NA	849.96004	3329.419481	7926.818145	3730.411655	44.81010547	178.7348345	463.8804555	206.7238181
Turkey	oil	1	237.3607528	706.9894148	1397.852593	749.1068963	220.217775	685.1993405	1494.033625	749.1645344	5.214372276	16.90861121	38.55462939	18.73190329
Turkey	gas	1	NA	NA	NA	NA	0	0	0	0	0	0	0	0
Turkmenistan	oil	1	1777.691531	6392.156238	13354.87469	6836.12215	6189.155918	23164.62102	52710.23077	25501.14485	346.6508307	1350.800899	3318.125545	1529.132275
Turkmenistan	gas	1	NA	NA	NA	NA	49973.27538	169640.2196	357585.0025	182190.7294	1333.014301	4741.501252	10873.75717	5245.167412
Ukraine	oil	1	160.2180576	1239.619319	2826.608984	1339.596116	329.670595	2505.881428	6224.974305	2801.264746	18.32290506	146.0231902	390.5874741	167.9884787
Ukraine	gas	1	NA	NA	NA	NA	7865.09932	23934.29885	43706.4975	24735.0374	176.7114021	708.2498623	1512.686004	760.6984744
United Arab Emirates	oil	1	2157.351612	7006.368546	15525.39362	7694.996565	3069.758108	11294.79729	28244.43428	12925.18745	170.9228	655.2668027	1757.156512	769.4324677
United Arab Emirates	gas	1	NA	NA	NA	NA	8344.749761	29033.70869	63270.4398	31598.69974	390.2242966	1423.546488	3386.423376	1595.309333
United Kingdom	oil	1	2045.4523	5787.079311	12361.38478	6328.965508	1670.159795	5003.5418	11757.53633	5643.787468	92.60283694	292.5951518	740.9196372	338.3775884
United Kingdom	gas	1	NA	NA	NA	NA	4911.038565	16138.41746	35751.19649	17732.75971	135.2443369	412.3422305	948.609398	460.8540506
Uruguay	oil	0.9	0	127.3973387	359.1819745	146.8884055	0	271.0452219	830.2574261	323.3297655	0	15.68836341	51.35197768	19.3906354
Uruguay	gas	0.9	NA	NA	NA	NA	0	711.0750932	1959.330084	816.9566138	0	30.27917183	90.54602367	35.97262474
Uzbekistan	oil	1	43.40864987	128.4207454	276.3244107	140.1173298	229.9552703	666.6575895	1514.658278	742.5673078	12.6703429	39.11045799	95.62981872	44.52734703
Uzbekistan	gas	1	NA	NA	NA	NA	3361.993221	13268.86142	29316.7789	14295.04937	61.44347023	349.5778404	900.3941999	392.2016995
Venezuela	oil	1	5172.704242	18011.79628	40168.95104	19663.71618	7561.414232	29547.20922	73302.89295	33399.0434	420.6280002	1718.259131	4632.187168	2003.335452
Venezuela	gas	1	NA	NA	NA	NA	12713.68919	61257.70838	147269.2783	67840.90906	441.3338865	2254.60449	5896.40986	2575.302683
Vietnam	oil	1	12.26575814	39.98289552	89.09916589	44.13094684	54.72484435	186.5315085	453.4549518	211.6761154	0.715882452	2.540295816	6.653010274	2.959669065
Vietnam	gas	1	NA	NA	NA	NA	170.3581497	527.1075358	1073.960003	565.086631	3.175924105	10.23501361	23.00467742	11.30713863
Western Sahara	oil	1	1.394609128	10.76886207	38.67183433	14.14721807	2.939189296	22.94720229	87.09584489	31.09337395	0.168199146	1.338689088	5.348903695	1.863412977
Western Sahara	gas	1	NA	NA	NA	NA	7.456142438	37.29226875	114.8720567	45.94319312	0.311450702	1.595411469	5.243638734	2.023949839
Yemen	oil	1	1112.465967	3155.637939	6001.216626	3306.575946	4054.354379	11729.50449	24273.31001	12633.33102	225.967706	682.2078302	1545.284112	756.7084338
Yemen	gas	1	NA	NA	NA	NA	3380.391654	8918.635016	16447.41973	9267.568856	160.5060367	471.4577293	992.1089776	508.4927865
