Total Petroleum System Code	Total Petroleum System Name	Major Commodity	Cumulative Oil (MMBO)	Remaining Oil (MMBO)	Known Oil (MMBO)	Cumulative Gas (BCFG)	Remaining Gas (BCFG)	Known Gas (BCFG)	Cumulative NGL (MMBNGL)	Remaining NGL (MMBNGL)	Known NGL (MMBNGL)	Total Cumulative Petroleum (MMBOE)	Total Remaining Petroleum (MMBOE)	Total Known Petroleum (MMBOE)	Mean Undiscovered Oil (MMBO)	Mean Undiscovered Gas (BCFG)	Mean Undiscovered NGL (MMBNGL)	Total Mean Undiscovered Petroleum (MMBOE)	Oil Endowment (MMBO)	Gas Endowment (BCFG)	NGL Endowment (MMBNGL)	Total Petroleum Endowment (MMBOE)	"Discovery Maturity, Oil (%)"	"Discovery Maturity, Gas (%)"	"Discovery Maturity, NGL (%)"	"Discovery Maturity, Total Petroleum (%)"	Future Oil (MMBO)	Future Gas (BCFG)	Future NGL (MMBNGL)	Total Future Petroleum (MMBOE)	
100801	Domanik-Paleozoic	Oil	3346	9723	13069	12374	24259	36632	362	353	716	5771	14119	19890	5170	34525	1454	12378	18239	71158	2170	32268	72	51	33	62	14892	58784	1808	26497	
100901	Dnieper-Donets Paleozoic	Gas	110	1501	1611	35453	23645	59098	119	81	200	6137	5523	11660	1098	24051	862	5969	2709	83149	1062	17629	59	71	19	66	2599	47697	943	11492	
101501	Volga-Ural Domanik-Paleozoic	Oil	42584	21288	63872	15846	80612	96458	304	792	1096	45529	35515	81044	2507	2394	105	3011	66379	98852	1200	84055	96	98	91	96	23795	83006	897	38526	
101502	Belsk Basin	Gas	106	-41	65	571	2067	2638	3	2	5	204	305	509	42	1547	93	392	106	4185	98	901	61	63	5	56	1	3615	95	698	
101601	Paleozoic North Caspian	Oil	822	9987	10808	1745	155231	156976	209	8681	8890	1322	44539	45861	23320	119051	5412	48573	34128	276027	14302	94435	32	57	62	49	33307	274282	14093	93113	
105001	South and North Barents Triassic-Jurassic	Gas	0	51	51	0	78143	78143	0	100	100	0	13175	13175	955	266618	5921	51312	1007	344761	6021	64488	5	23	2	20	1006	344761	6021	64488	
110801	Azov-Kuban Mesozoic-Cenozoic	Gas	1273	-750	524	7586	11118	18704	67	-12	56	2605	1091	3696	417	12252	215	2675	941	30955	271	6371	56	60	21	58	-332	23369	203	3766	
110901	Terek-Caspian	Oil	752	2738	3490	192	7648	7840	8	22	29	792	4034	4826	2829	27779	1348	8807	6319	35619	1377	13632	55	22	2	35	5567	35427	1369	12841	
110902	South Mangyshlak	Oil	2406	2835	5241	28	5679	5707	22	24	46	2433	3806	6239	651	2262	72	1100	5893	7969	118	7339	89	72	39	85	3486	7941	96	4906	
110903	Stavropol-Prikumsk	Oil	1200	-380	820	9670	3829	13499	18	-15	3	2830	243	3073	1407	9644	250	3264	2227	23143	253	6338	37	58	1	48	1027	13473	235	3507	
111201	Oligocene-Miocene Maykop/Diatom	Oil	11681	5758	17438	8591	27403	35994	221	282	503	13334	10607	23941	15725	173310	8115	52725	33163	209304	8618	76665	53	17	6	31	21483	200713	8397	63332	
115001	Buzachi Arch and Surrounding Areas Composite	Oil	459	1827	2286	0	943	943	0	0	0	459	1984	2443	814	89	2	831	3100	1033	2	3274	74	91	0	75	2641	1033	2	2815	
115002	North Ustyurt Jurassic	Oil	0	80	80	0	1450	1450	0	8	8	0	330	330	139	2180	69	572	220	3630	77	902	37	40	11	37	220	3630	77	902	
115003	North Ustyurt Paleozoic	NA	NA	NA	NA	NA	NA	NA	NA	NA	NA	NA	NA	NA	0	8500	374	1790	NA	NA	NA	NA	NA	NA	NA	NA	NA	NA	NA	NA	
115401	Amu-Darya Jurassic-Cretaceous	Gas	80	686	766	78540	152073	230614	191	984	1175	13361	27016	40377	270	163650	3995	31541	1037	394264	5171	71918	74	58	23	56	957	315724	4979	58557	
117401	Bazhenov-Neocomian	Oil	45819	72153	117972	29287	68295	97582	102	662	764	50802	84198	135000	42947	96934	5749	64852	160919	194516	6514	199852	73	50	12	68	115100	165229	6412	149050
117402	Togur-Tyumen	Oil	645	11111	11756	443	4738	5180	0	3	3	719	11903	12623	7474	5516	316	8709	19230	10697	319	21332	61	48	1	59	18584	10254	319	20613
117403	Northern West Siberian Mesozoic Composite	Gas	66	10119	10185	188736	978552	1167288	170	2205	2375	31692	175416	207107	4814	540483	14407	109302	14999	1707771	16782	316409	68	68	14	65	14933	1519035	16612	284718
120701	Yenisey Foldbelt Riphean-Craton Margin Riphean	Oil	0	34	34	0	5052	5052	0	60	60	0	936	936	1213	16983	854	4897	1246	22035	914	5833	3	23	7	16	1246	22035	914	5833
121001	Baikal-Patom Foldbelt Riphean-Craton Margin Vendian	Gas	1	2005	2006	0	30210	30210	0	360	360	1	7400	7401	1611	46039	2194	11478	3617	76249	2554	18879	55	40	14	39	3616	76249	2554	18878
132201	North Sakhalin Neogene	Oil	754	1428	2182	162	22221	22383	4	161	165	785	5292	6077	2582	57451	2999	15156	4764	79835	3164	21234	46	28	5	29	4010	79673	3160	20449
200401	Madbi Amran/Qishn	Oil	649	1284	1933	0	17120	17120	31	281	312	680	4418	5098	2740	16982	924	6494	4673	34102	1236	11592	41	50	25	44	4025	34102	1204	10912
201401	North Oman Huqf/'Q'-Haushi	Oil	715	1313	2028	149	20189	20339	0	507	507	740	5185	5925	743	10112	443	2871	2771	30450	950	8796	73	67	53	67	2056	30301	950	8056
201601	North Oman Huqf-Shu'aiba	Oil	1259	1426	2685	536	7097	7633	7	51	58	1355	2660	4015	1304	8206	287	2959	3990	15839	345	6974	67	48	17	58	2731	15303	338	5620
201602	Middle Cretaceous Natih	Oil	1299	553	1852	616	2485	3100	0	100	100	1402	1067	2469	371	363	18	450	2224	3463	118	2919	83	90	85	85	925	2848	118	1517
201901	Cretaceous Thamama/Wasia	Oil	13544	57686	71231	6342	95758	102100	294	1607	1901	14895	75253	90148	8979	22311	1083	13780	80209	124410	2983	103928	89	82	64	87	66665	118069	2690	89033
201902	Jurassic Hanifa/Diyab-Arab	Oil	5688	13325	19013	1951	75561	77512	0	592	592	6013	26510	32523	14478	58515	3083	27314	33491	136027	3675	59837	57	57	16	54	27803	134076	3675	53824
201903	Silurian Qusaiba	Gas	41	514	555	1018	451012	452030	14	13801	13815	225	89484	89708	13235	346892	26147	97197	13790	798922	39962	186905	4	57	35	48	13749	797903	39948	186680
202101	Central Arabia Qusaiba Paleozoic	Oil	84	6292	6376	0	79115	79115	0	343	343	84	19820	19905	19190	383339	24587	107667	25566	462454	24930	127572	25	17	1	16	25481	462454	24930	127487
202102	Arabian Sub-Basin Tuwaiq/Hanifa-Arab	Oil	63853	135142	198995	24821	250474	275295	0	9205	9205	67990	186092	254083	41703	34046	1362	48739	240698	309341	10567	302822	83	89	87	84	176845	284520	10567	234832
202301	Paleozoic Qusaiba/Akkas/Abba/Mudawwara	Oil	269	944	1213	47	1614	1661	0	25	25	277	1238	1515	2632	64510	5080	18464	3845	66172	5105	19979	32	3	0	8	3577	66124	5105	19702
202302	Jurassic Gotnia/Barsarin/Sargelu/Najmah	Oil	94	379	474	0	100	100	0	0	0	94	396	490	6569	22942	1114	11506	7042	23042	1114	11997	7	0	0	4	6948	23042	1114	11902
203001	Zagros-Mesopotamian Cretaceous-Tertiary	Oil	100467	271760	372226	25260	467978	493238	22	1540	1562	104699	351296	455995	94516	197597	7960	135409	466742	690835	9523	591404	80	71	16	77	366275	665575	9501	486705
203002	Paleozoic-Permian/Triassic	Gas	0	0	0	0	131220	131220	0	925	925	0	22795	22795	0	69031	3039	14544	0	200251	3964	37339	NA	66	23	61	0	200251	3964	37339
204301	Sirte-Zelten	Oil	13986	23087	37072	5479	32288	37767	30	98	129	14929	28566	43496	6854	14984	648	10000	43927	52752	777	53496	84	72	17	81	29941	47272	746	38566
204801	Bou Dabbous-Tertiary	Oil	481	1633	2114	37	15472	15509	0	44	44	488	4255	4743	667	2746	64	1189	2782	18256	108	5932	76	85	41	80	2300	18218	108	5444
204802	Jurassic-Cretaceous Composite	Oil	39	64	103	6	1295	1301	0	22	23	40	303	343	403	2280	27	810	506	3581	49	1153	20	36	46	30	467	3575	49	1112
205401	Tanezzuft-Oued Mya	Oil	5872	4971	10843	68	8905	8973	0	0	0	5883	6455	12338	830	2341	110	1330	11673	11314	110	13668	93	79	0	90	5801	11246	110	7785
205402	Tanezzuft-Melrhir	Oil	0	6	6	0	125	125	0	9	9	0	36	36	1875	4887	269	2959	1881	5012	278	2995	0	2	3	1	1881	5012	278	2995
205403	Tanezzuft-Ghadames	Oil	1629	2909	4538	579	15905	16484	71	940	1011	1797	6499	8296	4461	12035	908	7376	8999	28519	1919	15672	50	58	53	53	7370	27940	1848	13875
205601	Tanezzuft-Illizi	Oil	2286	1384	3670	750	44311	45061	74	824	898	2485	9593	12078	2814	27785	873	8318	6484	72846	1771	20395	57	62	51	59	4198	72096	1697	17910
205801	Tanezzuft-Timimoun	Gas	0	0	0	0	4200	4200	0	0	0	0	700	700	31	1128	56	275	31	5328	56	975	0	79	0	72	31	5328	56	975
205802	Tanezzuft-Ahnet	Gas	0	1	1	0	3117	3117	0	90	90	0	610	610	34	2973	149	678	35	6090	239	1288	3	51	38	47	35	6090	239	1288
205803	Tanezzuft-Sbaa	Oil	0	284	284	0	1490	1490	0	10	10	0	542	542	162	645	11	281	446	2134	21	823	64	70	48	66	446	2134	21	823
205804	Tanezzuft-Mouydir	Gas	0	0	0	0	0	0	0	0	0	0	0	0	12	292	14	75	12	292	14	75	0	0	0	0	12	292	14	75
205805	Tanezzuft-Benoud	Gas	16	72	88	4980	100070	105050	846	4089	4935	1692	20839	22531	72	2541	125	621	160	107591	5060	23152	55	98	98	97	144	102611	4214	21460
205806	Tanezzuft-Bechar/Abadla	Gas	0	0	0	0	0	0	0	0	0	0	0	0	16	441	22	111	16	441	22	111	0	0	0	0	16	441	22	111
207101	Sudr-Nubia	Oil	6351	3459	9810	840	5155	5995	24	17	41	6515	4335	10850	2608	10192	484	4791	12418	16186	525	15641	79	37	8	69	6067	15347	501	9126
207102	Maqna	Oil	22	133	155	10	3517	3527	0	256	256	24	975	999	2579	49820	2860	13743	2734	53347	3116	14742	6	7	8	7	2712	53338	3116	14718
311501	Lucaogou-Karamay/Ulho/Pindequan	Oil	937	5687	6624	491	1757	2248	0	0	0	1019	5980	6998	467	346	21	546	7091	2594	21	7544	93	87	0	93	6154	2104	21	6525
311502	Jurassic Coal-Jurassic/Tertiary	Oil	16	193	210	10	332	342	0	0	0	18	249	267	96	950	43	297	306	1292	43	564	69	26	1	47	289	1281	43	546
311503	Lucaogou/Jurassic Coal-Paleozoic/Mesozoic	NA	0	0	0	0	0	0	0	0	0	0	0	0	NA	NA	NA	NA	NA	NA	NA	NA	NA	NA	NA	NA	NA	NA	NA	NA
312701	Shahejie-Shahejie/Guantao/Wumishan	Oil	10415	14139	24553	2987	12685	15672	1	86	88	10914	16339	27253	4412	8514	417	6248	28965	24186	505	33501	85	65	17	81	18550	21199	503	22587
312702	Carboniferous/Permian Coal-Paleozoic	NA	0	0	0	0	0	0	0	0	0	0	0	0	NA	NA	NA	NA	NA	NA	NA	NA	NA	NA	NA	NA	NA	NA	NA	NA
312801	Yanchang-Yanan	Oil	81	602	683	13	7	20	0	0	0	83	603	686	138	20	1	143	821	40	1	829	83	50	0	83	740	27	1	746
312802	Taiyuan/Shanxi-Majiagou/Shihezi	NA	0	0	0	0	5590	5590	0	0	0	0	932	932	NA	NA	NA	NA	NA	NA	NA	NA	NA	NA	NA	NA	NA	NA	NA	NA
314201	Maokou/Longtang-Jialingjiang/Maokou/Huanglong	Gas	0	0	0	5709	5364	11072	0	0	0	951	894	1846	0	6137	270	1293	0	17210	270	3139	100	64	0	59	0	11501	270	2187
314202	Daanzhai-Daanzhai/Lianggaoshan	Oil	38	71	109	50	90	140	0	0	0	46	86	132	27	137	8	59	136	278	8	191	80	51	0	69	99	227	8	145
314203	Xujiahe-Xujiahe/Shaximiao	NA	NA	NA	NA	NA	NA	NA	NA	NA	NA	NA	NA	NA	NA	NA	NA	NA	NA	NA	NA	NA	NA	NA	NA	NA	NA	NA	NA	NA
314204	Cambrian/Silurian Marine Shale-Dengying/Lower Paleozoic	Gas	9	-8	1	491	859	1350	0	0	0	91	135	226	0	4036	178	850	1	5386	178	1076	100	25	0	21	-8	4895	178	985
314401	Qingshankou-Putaohua/Shaertu	Oil	12399	3171	15570	3	1594	1598	0	0	0	12399	3437	15836	1026	2494	115	1557	16596	4091	115	17393	94	39	0	91	4198	4088	115	4994
314402	Jurassic Coal-Denglouku/Nongan	Gas	0	5	5	0	145	145	0	0	0	0	29	29	0	3212	96	632	5	3357	96	661	100	4	0	4	5	3357	96	661
315401	Ordovician/Jurassic-Phanerozoic	Oil	45	658	704	208	5572	5780	0	189	189	80	1776	1856	5948	59939	3312	19250	6652	65719	3501	21106	11	9	5	9	6606	65511	3501	21026
370101	Brunei-Sabah	Oil	3953	2945	6898	9188	27012	36200	8	172	180	5492	7619	13111	3390	23226	1174	8434	10288	59426	1353	21545	67	61	13	61	6335	50238	1346	16054
370201	Sarawak Basin	Gas	168	629	797	3731	33388	37119	56	323	379	846	6517	7363	529	17284	372	3782	1327	54403	751	11145	60	68	50	66	1159	50672	695	10299
370202	East Natuna	Gas	0	20	20	0	45045	45045	0	0	0	0	7528	7528	102	1963	90	519	122	47008	90	8046	16	96	0	94	122	47008	90	8046
370301	Oligocene-Miocene Lacustrine	Oil	1459	1557	3017	454	23794	24248	9	127	136	1544	5650	7194	1127	23696	442	5518	4143	47944	578	12712	73	51	24	57	2684	47491	568	11167
370302	Miocene Coaly Strata	Gas	58	533	592	38	23863	23901	0	186	186	65	4696	4761	101	3768	72	802	693	27669	258	5563	85	86	72	86	634	27631	258	5498
380801	Brown Shale-Sihapas	Oil	8349	4868	13217	910	2956	3866	0	11	11	8500	5372	13872	899	4078	84	1663	14117	7944	94	15535	94	49	11	89	5768	7034	94	7034
381701	Kutei Basin	Oil	2195	684	2879	8711	36762	45473	44	1230	1273	3691	8040	11731	5145	64757	2122	18060	8024	110230	3396	29791	36	41	38	39	5829	101519	3352	26100
382201	Bampo-Cenozoic	Gas	496	178	674	13977	11582	25559	583	343	926	3409	2451	5860	213	15123	181	2914	887	40682	1107	8774	76	63	84	67	391	26705	524	5365
382401	Banuwati-Oligocene/Miocene	Oil	828	431	1259	233	381	614	0	0	0	867	495	1362	462	874	19	626	1722	1488	19	1988	73	41	0	68	894	1255	19	1121
382402	Jatibarang/Talang Akar-Oligocene/Miocene	Oil	727	1181	1908	794	6529	7322	45	130	175	904	2399	3303	195	6579	89	1381	2104	13901	264	4684	91	53	66	71	1377	13108	219	3780
382403	Tertiary-Parigi	NA	0	0	0	0	119	119	0	0	0	0	20	20	NA	NA	NA	NA	NA	NA	NA	NA	NA	NA	NA	NA	NA	NA	NA	NA
382404	Tertiary-Cenozoic	NA	0	0	0	0	0	0	0	0	0	0	0	0	NA	NA	NA	NA	NA	NA	NA	NA	NA	NA	NA	NA	NA	NA	NA	NA
382801	Lahat/Talang Akar-Cenozoic	Oil	1842	587	2429	3125	7080	10204	4	53	56	2367	1819	4186	469	18250	239	3750	2898	28455	296	7936	84	36	19	53	1055	25330	292	5569
391001	Milligans-Carboniferous/Permian	Oil	0	15	15	0	48	48	0	0	0	0	23	23	140	1151	56	387	155	1199	56	410	10	4	0	6	155	1199	56	410
391002	Keyling/Hyland Bay-Permian	Gas	0	0	0	0	5730	5730	0	50	50	0	1005	1005	0	10995	484	2316	0	16725	534	3321	NA	34	9	30	0	16725	534	3321
391003	Jurassic/Early Cretaceous-Mesozoic	Oil	123	378	502	0	7526	7526	0	385	385	123	2018	2141	1146	11346	540	3577	1648	18872	926	5719	30	40	42	37	1524	18872	926	5595
391301	Late Jurassic/Early Cretaceous-Mesozoic	Gas	19	27	46	0	17960	17960	0	200	200	19	3221	3239	1055	20093	934	5339	1101	38053	1134	8578	4	47	18	38	1083	38053	1134	8559
393001	Latrobe	Oil	3077	784	3860	3501	6274	9775	155	546	701	3815	2375	6190	310	5658	339	1592	4170	15433	1040	7782	93	63	67	80	1093	11932	885	3967
394801	Dingo-Mungaroo/Barrow	Gas	489	660	1149	1845	46400	48245	117	875	991	913	9268	10181	2249	56380	3314	14960	3398	104626	4305	25141	34	46	23	40	2909	102780	4189	24228
394802	Locker-Mungaroo/Barrow	Gas	0	6	6	27	8075	8102	0	0	0	4	1351	1356	132	8331	368	1888	137	16432	368	3244	4	49	0	42	137	16406	368	3239
401701	Upper Jurassic Spekk	Oil	76	2585	2660	0	15662	15662	0	702	702	76	5897	5973	6538	165201	8990	43062	9199	180863	9692	49035	29	9	7	12	9123	180863	9692	48959
402501	Kimmeridgian Shales	Oil	22467	21427	43895	31053	127861	158914	510	5461	5971	28153	48198	76351	13098	37745	1859	21248	56993	196659	7830	97599	77	81	76	78	34526	165606	7320	69446
403601	Carboniferous-Rotliegend	Gas	2300	572	2872	124048	98111	222159	54	118	172	23029	17042	40071	143	25790	69	4510	3015	247948	241	44581	95	90	71	90	715	123901	187	21552
404701	Isotopically Light Gas	Gas	1	1	1	5455	5205	10660	1	2	3	911	870	1782	0	2321	19	405	1	12980	22	2187	100	82	16	81	1	7525	21	1276
404702	Mesozoic/Paleogene Composite	Oil	640	283	923	3360	2033	5393	2	3	6	1202	626	1828	344	2345	75	810	1267	7738	80	2637	73	70	7	69	627	4378	78	1435
404703	Paleozoic Composite	Oil	0	1	1	0	233	233	0	0	0	0	39	39	47	383	19	129	47	616	19	169	1	38	0	23	47	616	19	169
404801	Greater Hungarian Plain Neogene	Oil	731	358	1089	5436	4221	9657	4	20	24	1640	1082	2722	196	2395	74	669	1285	12052	97	3392	85	80	24	80	555	6616	94	1751
404802	Zala-Drava-Sava Mesozoic/Neogene	Oil	836	265	1101	1082	2847	3929	31	31	63	1048	771	1818	114	1151	36	342	1215	5080	98	2160	91	77	64	84	379	3998	67	1112
404803	Danube Neogene	Gas	0	0	0	7	240	247	0	0	0	1	40	41	0	146	3	27	0	393	3	68	NA	63	0	60	0	386	3	67
404804	Transcarpathian Neogene	Gas	0	0	0	0	261	261	0	0	0	0	43	43	0	112	2	21	0	373	2	64	NA	70	0	67	0	373	2	64
404805	Central Carpathian Paleogene	NA	NA	NA	NA	NA	NA	NA	NA	NA	NA	NA	NA	NA	NA	NA	NA	NA	NA	NA	NA	NA	NA	NA	NA	NA	NA	NA	NA	NA
404806	Hungarian Paleogene	Oil	10	1	11	15	1	16	0	0	0	12	1	14	49	339	13	118	60	355	13	132	18	4	0	10	50	340	13	120
405701	Transylvanian Composite	Gas	0	0	0	21194	9537	30731	0	0	0	3532	1589	5122	0	2083	6	354	0	32814	6	5475	NA	94	0	94	0	11620	6	1943
406001	Porto Garibaldi	Gas	13	0	14	9373	9102	18475	0	5	5	1576	1522	3098	0	16267	34	2745	14	34741	40	5843	100	53	13	53	0	25369	39	4268
406002	Meride/Riva di Solto	Oil	78	254	332	154	257	412	27	1	27	130	297	428	360	1698	87	731	692	2109	114	1158	48	20	24	37	614	1955	88	1028
406101	Moesian Platform Composite	Oil	1251	542	1793	1546	671	2217	15	51	66	1523	705	2228	171	561	20	285	1963	2778	86	2513	91	80	76	89	713	1232	71	990
406102	Dysodile Schist-Tertiary	Oil	2832	1283	4115	1580	3468	5048	6	5	11	3101	1866	4968	842	2618	96	1374	4957	7666	107	6342	83	66	10	78	2125	6086	101	3240
406801	Pre-Messinian	Gas	0	0	0	0	0	0	0	0	0	0	0	0	388	51210	2265	11188	388	51210	2265	11188	0	0	0	0	388	51210	2265	11188
520001	Permian/Upper Jurassic Composite	Oil	0	0	0	0	0	0	0	0	0	0	0	0	47148	80709	4170	64769	47148	80709	4170	64769	0	0	0	0	47148	80709	4170	64769
521501	Egret-Hibernia	Oil	0	1582	1582	0	2406	2406	0	81	81	0	2063	2063	1796	8893	514	3792	3378	11298	595	5855	47	21	14	35	3378	11298	595	5855
521502	Mesozoic Composite	NA	0	0	0	0	4224	4224	0	107	107	0	811	811	NA	NA	NA	NA	NA	NA	NA	NA	NA	NA	NA	NA	NA	NA	NA	NA
524301	Keg River-Keg River	Oil	835	176	1011	4589	2484	7073	37	63	100	1636	653	2290	84	1776	39	419	1095	8849	139	2708	92	80	72	85	260	4260	102	1072
524302	Duvernay-Leduc	Oil	8153	1306	9459	9050	5307	14357	642	384	1025	10303	2574	12877	501	3224	133	1172	9960	17581	1159	14049	95	82	88	92	1807	8531	517	3746
524303	Exshaw-Rundle	Oil	1292	435	1728	14851	6717	21568	626	210	836	4393	1765	6158	126	2663	60	629	1854	24232	895	6787	93	89	93	91	561	9380	270	2394
524304	Combined Triassic/Jurassic	Oil	1012	284	1296	4584	5996	10580	176	173	350	1952	1457	3409	96	2166	56	514	1393	12747	406	3923	93	83	86	87	380	8163	229	1970
524305	Mannville-Upper Mannville	Gas	0	0	0	17171	13560	30731	217	230	447	3079	2490	5569	0	4597	92	858	0	35328	539	6427	NA	87	83	87	0	18157	322	3348
524306	Second White Specks-Cardium	Oil	2146	543	2688	16010	10439	26449	200	166	365	5014	2448	7462	36	1126	34	257	2724	27574	400	7719	99	96	91	97	578	11565	200	2706
524401	Yeoman	Oil	1	0	1	0	0	0	0	0	0	1	0	1	5	4	0	6	6	4	0	7	15	3	0	13	6	4	0	7
524402	Brightholme	Oil	11	4	14	8	3	11	0	0	0	12	4	16	8	5	0	9	22	16	0	25	66	67	0	65	11	8	0	13
524403	Bakken	Oil	5	2	7	0	0	0	0	0	0	5	2	7	11	3	0	12	18	4	0	19	40	9	0	38	13	3	0	14
524404	Lodgepole	Oil	2239	539	2778	728	166	893	32	4	37	2393	571	2964	111	63	4	126	2889	956	41	3089	96	93	90	96	650	228	8	696
530501	Pimienta-Tamabra	Oil	22139	22273	44412	17609	33213	50822	51	45	95	25124	27853	52977	20569	49272	2751	31531	64980	100094	2846	84508	68	51	3	63	42841	82485	2795	59384
602101	Cenomanian-Turonian	Oil	17	46	63	0	0	0	0	0	0	17	46	63	15247	42058	2330	24586	15310	42058	2330	24649	0	0	0	0	15293	42058	2330	24632
602201	Neogene	NA	NA	NA	NA	NA	NA	NA	NA	NA	NA	NA	NA	NA	0	29840	298	5272	NA	NA	NA	NA	NA	NA	NA	NA	NA	NA	NA	NA
602901	Neocomian to Turonian Composite	Oil	469	223	692	348	1059	1407	1	2	3	528	402	929	1487	8334	415	3292	2179	9741	418	4221	32	14	1	22	1711	9393	417	3693
603401	Cretaceous Composite	Oil	93	37	130	42	180	222	0	1	1	100	68	169	2959	34287	1612	10285	3089	34509	1614	10454	4	1	0	2	2995	34467	1614	10354
603501	Lagoa Feia-Carapebus	Oil	1769	8287	10056	303	5941	6244	0	10	10	1819	9287	11107	16293	19691	553	20128	26349	25935	563	31235	38	24	2	36	24580	25632	563	29415
603601	Guaratiba-Guaruja (Cretaceous) Composite	Oil	6	279	285	12	1113	1125	4	40	44	12	505	517	23209	80547	4194	40828	23494	81672	4238	41344	1	1	1	1	23488	81660	4235	41332
603701	Cenomanian-Turonian-Tertiary Composite	Oil	0	0	0	0	0	0	0	0	0	0	0	0	2938	22806	1107	7846	2938	22806	1107	7846	0	0	0	0	2938	22806	1107	7846
604101	Mesozoic-Cenozoic	Oil	2889	3712	6601	661	955	1616	0	0	0	2999	3871	6871	3023	755	15	3164	9625	2372	15	10035	69	68	0	68	6735	1711	15	7036
604102	Paleozoic	Oil	0	0	0	0	0	0	0	0	0	0	0	0	74	841	40	254	74	841	40	254	0	0	0	0	74	841	40	254
604501	Los Monos-Machareti	Oil	257	63	320	6928	10058	16985	243	305	548	1655	2045	3699	2145	31107	1300	8629	2466	48092	1847	12328	13	35	30	30	2209	41165	1604	10674
605501	Neuquen Hybrid	Oil	1532	838	2370	7636	13068	20704	79	260	338	2883	3276	6159	1290	12416	203	3562	3659	33119	542	9721	65	63	62	63	2128	25483	463	6838
605801	D-129	Oil	2445	900	3346	1667	1898	3565	0	2	2	2723	1218	3942	498	3774	75	1203	3844	7339	77	5144	87	49	2	77	1398	5672	77	2421
605802	Aguada Bandera	NA	0	0	0	0	0	0	0	0	0	0	0	0	NA	NA	NA	NA	NA	NA	NA	NA	NA	NA	NA	NA	NA	NA	NA	NA
605901	Lower Inoceramus	Gas	595	620	1216	10053	14754	24807	88	123	211	2359	3202	5562	704	14040	310	3354	1920	38848	521	8915	63	64	41	62	1325	28794	433	6556
606001	Neocomian Lacustrine	Oil	0	0	0	0	0	0	0	0	0	0	0	0	3603	8871	178	5259	3603	8871	178	5259	0	0	0	0	3603	8871	178	5259
606002	Lower Cretaceous	Oil	0	0	0	0	0	0	0	0	0	0	0	0	2229	7710	193	3707	2229	7710	193	3707	0	0	0	0	2229	7710	193	3707
606301	Lower Cretaceous Marine	Oil	0	10	10	0	75	75	0	2	2	0	25	25	1031	11327	362	3280	1041	11402	364	3305	1	1	1	1	1041	11402	364	3305
608101	Cretaceous-Tertiary	Oil	1346	326	1672	1951	941	2892	44	-44	0	1715	439	2154	1711	4795	255	2765	3383	7687	255	4919	49	38	0	44	2038	5736	211	3204
608301	Neogene	Oil	4	0	4	0	340	340	0	0	0	4	57	61	37	471	21	137	41	811	21	198	11	42	0	31	37	811	21	194
608302	Cretaceous-Paleogene	Oil	118	53	171	148	10	158	0	0	0	143	54	197	200	224	12	249	370	382	12	446	46	41	0	44	252	233	12	303
609001	La Luna-La Paz	Oil	1915	512	2426	2310	2692	5002	0	68	68	2300	1028	3328	709	3292	130	1388	3135	8294	198	4715	77	60	34	71	1220	5985	198	2416
609601	Gacheta-Mirador	Oil	1179	4224	5402	139	15175	15314	0	451	451	1202	7203	8405	3631	6217	337	5004	9033	21530	788	13409	60	71	57	63	7855	21391	788	12207
609801	Querecual	Oil	11027	15729	26756	18897	93399	112296	1	528	528	14177	31823	46001	7231	41552	2030	16186	33988	153848	2558	62187	79	73	21	74	22960	134951	2557	48010
609802	Upper Cretaceous/Tertiary	Oil	2780	667	3447	3156	12667	15822	26	146	172	3332	2924	6256	4644	52009	2436	15748	8091	67832	2608	22004	43	23	7	28	5311	64676	2582	18672
609901	La Luna/Maracaibo	Oil	35581	13491	49072	979	25722	26701	1	42	43	35745	17820	53565	8183	17576	973	12086	57256	44277	1016	65651	86	60	4	82	21675	43298	1015	29906
610301	Lower Cruse	Gas	0	20	20	0	22600	22600	0	80	80	0	3867	3867	0	20103	201	3551	20	42703	281	7418	100	53	28	52	20	42703	281	7418
610701	Tobago Trough Paleogene	Oil	8	2	11	16	7	22	0	0	0	11	3	14	1536	11957	582	4110	1546	11979	582	4124	1	0	0	0	1538	11963	582	4113
611701	Upper Jurassic-Neocomian	Oil	65	232	297	20	77	96	0	0	0	68	245	313	494	592	35	628	790	688	35	940	38	14	0	33	726	668	35	873
701301	Cretaceous-Tertiary Composite	Oil	0	10	10	4	45	49	0	0	0	1	18	19	157	856	43	343	168	905	43	362	6	5	0	5	167	901	43	361
718301	Cretaceous Composite	Oil	74	162	236	46	1903	1949	0	36	36	81	515	596	1004	10071	282	2965	1240	12020	318	3561	19	16	11	17	1166	11974	318	3480
719201	Tertiary Niger Delta (Agbada/Akata)	Oil	16598	17925	34522	6232	87579	93811	10	2832	2842	17646	35353	53000	40487	132716	6034	68640	75010	226526	8876	121640	46	41	32	44	58412	220295	8866	103994
720301	Melania-Gamba	Oil	708	1044	1752	62	780	843	0	15	15	718	1189	1908	727	3674	172	1511	2480	4517	187	3419	71	19	8	56	1772	4455	187	2701
720302	Azile-Senonian	Oil	1278	836	2114	203	1632	1835	0	10	10	1312	1118	2430	5031	13230	625	7861	7145	15065	636	10291	30	12	2	24	5867	14862	636	8979
720303	Congo Delta Composite	Oil	3693	6052	9745	838	8605	9443	0	39	39	3833	7525	11357	23198	69582	3374	38169	32943	79025	3413	49527	30	12	1	23	29250	78186	3413	45694
720304	Cuanza Composite	Oil	86	20	107	46	13	59	0	0	0	94	23	116	790	1558	73	1123	897	1617	73	1239	12	4	0	9	810	1571	73	1146
730301	Cretaceous Composite	Gas	0	0	0	0	6015	6015	0	0	0	0	1003	1003	116	3603	163	879	116	9618	163	1882	0	63	0	53	116	9618	163	1882
802601	Patala-Namal	Oil	204	121	324	807	1174	1981	9	32	41	347	349	696	145	551	27	264	469	2533	69	960	69	78	60	72	266	1726	60	613
803401	Sylhet-Kopili/Barail-Tipam Composite	Oil	911	1625	2536	2039	4495	6534	0	5	5	1251	2379	3630	399	1178	67	663	2935	7712	72	4292	86	85	7	85	2024	5673	72	3042
804201	Sembar-Goru/Ghazij	Gas	111	70	180	15101	20272	35373	6	57	63	2633	3506	6139	119	29325	1033	6039	299	64697	1096	12178	60	55	6	50	188	49596	1091	9545
804301	Eocene-Miocene Composite	Oil	3375	5065	8440	6228	17965	24193	4	263	267	4417	8323	12739	2091	12944	418	4666	10531	37137	685	17406	80	65	39	73	7156	30909	681	12989
804701	Permian Coal	NA	0	0	0	0	0	0	0	0	0	0	0	0	NA	NA	NA	NA	NA	NA	NA	NA	NA	NA	NA	NA	NA	NA	NA	NA
804702	Jalangi-Sylhet/Burdwan Composite	NA	NA	NA	NA	NA	NA	NA	NA	NA	NA	NA	NA	NA	64	4613	56	888	NA	NA	NA	NA	NA	NA	NA	NA	NA	NA	NA	NA
804703	Jenam/Bhuban-Bokabil	Gas	3	2	4	2669	9620	12289	3	48	51	451	1653	2104	39	50479	218	8670	43	62767	269	10773	10	20	19	20	41	60098	266	10323
804801	Eocene to Miocene Composite	Gas	528	188	716	722	9298	10020	2	61	63	651	1798	2449	724	20521	785	4930	1441	30541	848	7379	50	33	7	33	912	29819	846	6728


																					
